0.001590627 0.0107584
0.0031812539 0.01649478
0.0047718809 0.029739863
0.0063625079 0.041564089
0.0079531349 0.044623533
0.0095437618 0.038199641
0.011134389 0.027997161
0.012725016 0.021257337
0.014315643 0.021364301
0.01590627 0.026162562
0.017496897 0.030830013
0.019087524 0.03236244
0.020678151 0.031712918
0.022268778 0.032059524
0.023859405 0.035226853
0.025450032 0.039783538
0.027040659 0.042554171
0.028631286 0.041966724
0.030221913 0.039891309
0.031812539 0.040037859
0.033403166 0.044269158
0.034993793 0.050304735
0.03658442 0.053212346
0.038175047 0.049675291
0.039765674 0.041333555
0.041356301 0.034041402
0.042946928 0.033343107
0.044537555 0.039868151
0.046128182 0.048636607
0.047718809 0.053045627
0.049309436 0.050281578
0.050900063 0.043578366
0.05249069 0.039359474
0.054081317 0.041673942
0.055671944 0.048693825
0.057262571 0.054300782
0.058853198 0.053415427
0.060443825 0.046494684
0.062034452 0.039351439
0.063625079 0.038503566
0.065215706 0.046086336
0.066806333 0.058612514
0.06839696 0.070356835
0.069987587 0.078045894
0.071578214 0.082550364
0.073168841 0.086289353
0.074759468 0.089277506
0.076350095 0.088186355
0.077940722 0.079932372
0.079531349 0.066638659
0.081121976 0.05675539
0.082712603 0.059982162
0.08430323 0.079283319
0.085893857 0.10672985
0.087484484 0.12762922
0.089075111 0.13075937
0.090665738 0.11695116
0.092256364 0.098811376
0.093846991 0.091167177
0.095437618 0.099521707
0.097028245 0.11590058
0.098618872 0.12577428
0.1002095 0.12062983
0.10180013 0.10577876
0.10339075 0.09656166
0.10498138 0.10562154
0.10657201 0.13158855
0.10816263 0.1587966
0.10975326 0.16882248
0.11134389 0.15483072
0.11293452 0.12710522
0.11452514 0.10511549
0.11611577 0.10240637
0.1177064 0.11648969
0.11929702 0.13181532
0.12088765 0.13315691
0.12247828 0.11827554
0.1240689 0.099544564
0.12565953 0.09355656
0.12725016 0.10767339
0.12884078 0.13468231
0.13043141 0.15949734
0.13202204 0.17155245
0.13361267 0.17206038
0.13520329 0.17038234
0.13679392 0.17371653
0.13838455 0.18022132
0.13997517 0.18221361
0.1415658 0.17631404
0.14315643 0.17026865
0.14474705 0.17851094
0.14633768 0.2088017
0.14792831 0.25151137
0.14951894 0.28256287
0.15110956 0.28017562
0.15270019 0.2430815
0.15429082 0.19478231
0.15588144 0.16837695
0.15747207 0.18215349
0.1590627 0.22469119
0.16065332 0.26195575
0.16224395 0.26204911
0.16383458 0.21913064
0.16542521 0.15815152
0.16701583 0.11673325
0.16860646 0.11822925
0.17019709 0.15658861
0.17178771 0.20388536
0.17337834 0.23330582
0.17496897 0.23866932
0.17655959 0.23545795
0.17815022 0.24417237
0.17974085 0.27123026
0.18133148 0.303743
0.1829221 0.32187257
0.18451273 0.31716063
0.18610336 0.30033073
0.18769398 0.2915848
0.18928461 0.30194683
0.19087524 0.32224448
0.19246586 0.32986816
0.19405649 0.30803215
0.19564712 0.26119618
0.19723774 0.21324414
0.19882837 0.18959756
0.200419 0.19821058
0.20200963 0.22543867
0.20360025 0.25001248
0.20519088 0.26262567
0.20678151 0.27357109
0.20837213 0.30111904
0.20996276 0.35044038
0.21155339 0.4021578
0.21314401 0.42261867
0.21473464 0.38992452
0.21632527 0.31546836
0.2179159 0.24246598
0.21950652 0.22005498
0.22109715 0.2706518
0.22268778 0.37414341
0.2242784 0.4803413
0.22586903 0.54044485
0.22745966 0.5351071
0.22905028 0.48076735
0.23064091 0.4130885
0.23223154 0.36256272
0.23382217 0.34034872
0.23541279 0.34134671
0.23700342 0.3568537
0.23859405 0.38321285
0.24018467 0.41953173
0.2417753 0.45954771
0.24336593 0.48867755
0.24495655 0.49189752
0.24654718 0.46665555
0.24813781 0.42846276
0.24972843 0.40180031
0.25131906 0.40172291
0.25290969 0.42089081
0.25450032 0.43390554
0.25609094 0.41722637
0.25768157 0.36957006
0.2592722 0.31598399
0.26086282 0.29090322
0.26245345 0.31217548
0.26404408 0.36588505
0.2656347 0.41423799
0.26722533 0.42144631
0.26881596 0.37890859
0.27040659 0.31153329
0.27199721 0.26112079
0.27358784 0.25927446
0.27517847 0.30888891
0.27676909 0.38565917
0.27835972 0.45603202
0.27995035 0.49732007
0.28154097 0.50661828
0.2831316 0.49541682
0.28472223 0.4773645
0.28631286 0.45957411
0.28790348 0.44239895
0.28949411 0.42470819
0.29108474 0.40819069
0.29267536 0.39704919
0.29426599 0.39475221
0.29585662 0.40192148
0.29744724 0.41716793
0.29903787 0.43882052
0.3006285 0.46447687
0.30221913 0.48835518
0.30380975 0.50021284
0.30540038 0.48957368
0.30699101 0.45418153
0.30858163 0.40608869
0.31017226 0.36834697
0.31176289 0.36173332
0.31335351 0.38974267
0.31494414 0.4335489
0.31653477 0.46264693
0.31812539 0.45511897
0.31971602 0.41312697
0.32130665 0.36167483
0.32289728 0.33090287
0.3244879 0.3349341
0.32607853 0.36326505
0.32766916 0.39102783
0.32925978 0.39954706
0.33085041 0.3904707
0.33244104 0.38218839
0.33403166 0.39204367
0.33562229 0.41986011
0.33721292 0.44736069
0.33880355 0.45456383
0.34039417 0.43923504
0.3419848 0.42178504
0.34357543 0.42947228
0.34516605 0.47154642
0.34675668 0.52629005
0.34834731 0.55315596
0.34993793 0.52345736
0.35152856 0.44677672
0.35311919 0.37108367
0.35470982 0.35315064
0.35630044 0.41864229
0.35789107 0.54060086
0.3594817 0.65307089
0.36107232 0.69167504
0.36266295 0.63355868
0.36425358 0.50973954
0.3658442 0.38288148
0.36743483 0.30769894
0.36902546 0.30173079
0.37061608 0.34418808
0.37220671 0.39884921
0.37379734 0.44064933
0.37538797 0.4664029
0.37697859 0.48558755
0.37856922 0.5035884
0.38015985 0.51393823
0.38175047 0.50571425
0.3833411 0.47743805
0.38493173 0.44281477
0.38652235 0.42147384
0.38811298 0.42226134
0.38970361 0.43450281
0.39129424 0.43657766
0.39288486 0.41594511
0.39447549 0.38358273
0.39606612 0.36889043
0.39765674 0.39680578
0.39924737 0.46450472
0.400838 0.53729452
0.40242862 0.56938712
0.40401925 0.53571408
0.40560988 0.45138685
0.40720051 0.36380681
0.40879113 0.3225621
0.41038176 0.34852732
0.41197239 0.4235123
0.41356301 0.50588185
0.41515364 0.5586191
0.41674427 0.56896403
0.41833489 0.54777618
0.41992552 0.51369976
0.42151615 0.47791026
0.42310678 0.44168525
0.4246974 0.40563909
0.42628803 0.37859334
0.42787866 0.37521287
0.42946928 0.40319536
0.43105991 0.45201774
0.43265054 0.49544829
0.43424116 0.50847133
0.43583179 0.48588187
0.43742242 0.44669746
0.43901304 0.41930777
0.44060367 0.41846819
0.4421943 0.43310025
0.44378493 0.43602285
0.44537555 0.40885134
0.44696618 0.36186469
0.44855681 0.3311968
0.45014743 0.35308721
0.45173806 0.43370985
0.45332869 0.53816789
0.45491931 0.60896327
0.45650994 0.60241225
0.45810057 0.51774613
0.4596912 0.39851859
0.46128182 0.30567375
0.46287245 0.28129254
0.46446308 0.3272504
0.4660537 0.41082109
0.46764433 0.48976094
0.46923496 0.53735209
0.47082558 0.55121161
0.47241621 0.54407711
0.47400684 0.52810193
0.47559747 0.50649791
0.47718809 0.47741319
0.47877872 0.44339407
0.48036935 0.41547256
0.48195997 0.40680439
0.4835506 0.4210875
0.48514123 0.4465536
0.48673185 0.4623257
0.48832248 0.45368912
0.48991311 0.42482268
0.49150373 0.39845033
0.49309436 0.40126411
0.49468499 0.44474842
0.49627562 0.51502869
0.49786624 0.57949214
0.49945687 0.60636134
0.5010475 0.58435711
0.50263812 0.52937289
0.50422875 0.47376759
0.50581938 0.44547306
0.50741 0.4507909
0.50900063 0.47213818
0.51059126 0.48192247
0.51218189 0.46290753
0.51377251 0.42106243
0.51536314 0.38194113
0.51695377 0.37286802
0.51854439 0.4031262
0.52013502 0.45610337
0.52172565 0.49940629
0.52331627 0.50646156
0.5249069 0.47472217
0.52649753 0.42750829
0.52808816 0.39784376
0.52967878 0.4055826
0.53126941 0.44420749
0.53286004 0.4868276
0.53445066 0.50678228
0.53604129 0.49728069
0.53763192 0.47514005
0.53922254 0.46580496
0.54081317 0.4814012
0.5424038 0.50931165
0.54399443 0.5208874
0.54558505 0.49419315
0.54717568 0.4332771
0.54876631 0.36848552
0.55035693 0.3366029
0.55194756 0.35520972
0.55353819 0.41042254
0.55512881 0.46722102
0.55671944 0.49446771
0.55831007 0.4857165
0.55990069 0.46049055
0.56149132 0.44600141
0.56308195 0.45430385
0.56467258 0.47300895
0.5662632 0.4766868
0.56785383 0.44973323
0.56944446 0.40246654
0.57103508 0.36733919
0.57262571 0.37722072
0.57421634 0.44117761
0.57580696 0.53512731
0.57739759 0.61420295
0.57898822 0.6387451
0.58057885 0.59717676
0.58216947 0.51195914
0.5837601 0.42625014
0.58535073 0.38044755
0.58694135 0.39234505
0.58853198 0.45069679
0.59012261 0.52354066
0.59171323 0.57524461
0.59330386 0.58329599
0.59489449 0.5474021
0.59648512 0.48762497
0.59807574 0.43307566
0.59966637 0.40672988
0.601257 0.41390539
0.60284762 0.44060019
0.60443825 0.46299453
0.60602888 0.46294461
0.6076195 0.44008542
0.60921013 0.41254573
0.61080076 0.40522251
0.61239138 0.43289075
0.61398201 0.48934466
0.61557264 0.55011175
0.61716327 0.58720702
0.61875389 0.58615097
0.62034452 0.55394179
0.62193515 0.51298721
0.62352577 0.48566248
0.6251164 0.48032719
0.62670703 0.48810158
0.62829765 0.4918313
0.62988828 0.48018335
0.63147891 0.45658818
0.63306954 0.43673638
0.63466016 0.4365265
0.63625079 0.45907097
0.63784142 0.49016623
0.63943204 0.50608018
0.64102267 0.48923232
0.6426133 0.44165672
0.64420392 0.38681024
0.64579455 0.35723776
0.64738518 0.37478791
0.64897581 0.43567489
0.65056643 0.51063578
0.65215706 0.56129658
0.65374769 0.56309368
0.65533831 0.51998188
0.65692894 0.46086821
0.65851957 0.41982172
0.66011019 0.41351532
0.66170082 0.43166038
0.66329145 0.44708234
0.66488208 0.4377344
0.6664727 0.40399796
0.66806333 0.36817196
0.66965396 0.35678212
0.67124458 0.37974412
0.67283521 0.42283115
0.67442584 0.4591641
0.67601646 0.47005837
0.67760709 0.45808168
0.67919772 0.44190683
0.68078834 0.43801489
0.68237897 0.44550938
0.6839696 0.4475483
0.68556023 0.42827124
0.68715085 0.39008465
0.68874148 0.35518383
0.69033211 0.34866898
0.69192273 0.37722093
0.69351336 0.42231972
0.69510399 0.45519349
0.69669461 0.46156135
0.69828524 0.45444856
0.69987587 0.46239235
0.7014665 0.50159607
0.70305712 0.55603376
0.70464775 0.58489886
0.70623838 0.55445846
0.707829 0.46941082
0.70941963 0.37645104
0.71101026 0.33364422
0.71260088 0.36735622
0.71419151 0.45057952
0.71578214 0.52132487
0.71737277 0.52839979
0.71896339 0.46947445
0.72055402 0.39159301
0.72214465 0.35375373
0.72373527 0.38136183
0.7253259 0.44868598
0.72691653 0.50256203
0.72850715 0.50705348
0.73009778 0.47203369
0.73168841 0.44242177
0.73327903 0.45767622
0.73486966 0.5159341
0.73646029 0.57335315
0.73805092 0.57990783
0.73964154 0.52232592
0.74123217 0.43832691
0.7428228 0.38935037
0.74441342 0.41277944
0.74600405 0.49169884
0.74759468 0.56664425
0.7491853 0.58061276
0.75077593 0.5224496
0.75236656 0.43521903
0.75395719 0.3835945
0.75554781 0.40563429
0.75713844 0.48525982
0.75872907 0.56485576
0.76031969 0.58693224
0.76191032 0.53342255
0.76350095 0.43527147
0.76509157 0.34836147
0.7666822 0.31560034
0.76827283 0.3420499
0.76986346 0.39750481
0.77145408 0.4405693
0.77304471 0.44540922
0.77463534 0.41431425
0.77622596 0.3715353
0.77781659 0.34603433
0.77940722 0.35511415
0.78099784 0.39714346
0.78258847 0.45475742
0.7841791 0.50485233
0.78576973 0.52988029
0.78736035 0.52537491
0.78895098 0.50039677
0.79054161 0.47075263
0.79213223 0.4489416
0.79372286 0.43744754
0.79531349 0.43032496
0.79690411 0.4218784
0.79849474 0.41486828
0.80008537 0.41997545
0.80167599 0.44523874
0.80326662 0.4839024
0.80485725 0.51283497
0.80644788 0.5065146
0.8080385 0.45798525
0.80962913 0.38958412
0.81121976 0.34157043
0.81281038 0.34382125
0.81440101 0.39131268
0.81599164 0.44425115
0.81758226 0.4560876
0.81917289 0.40999026
0.82076352 0.33524606
0.82235415 0.28854804
0.82394477 0.31210865
0.8255354 0.39992642
0.82712603 0.49900558
0.82871665 0.54619023
0.83030728 0.51354301
0.83189791 0.42795908
0.83348853 0.35018724
0.83507916 0.32957344
0.83666979 0.36916155
0.83826042 0.42701163
0.83985104 0.45107981
0.84144167 0.41955567
0.8430323 0.35589859
0.84462292 0.30895444
0.84621355 0.31567636
0.84780418 0.37560766
0.8493948 0.45455898
0.85098543 0.5110438
0.85257606 0.52292921
0.85416668 0.49523771
0.85575731 0.44791131
0.85734794 0.39823043
0.85893857 0.35356997
0.86052919 0.31744827
0.86211982 0.29835268
0.86371045 0.30905192
0.86530107 0.35490257
0.8668917 0.42218879
0.86848233 0.47961102
0.87007295 0.49531591
0.87166358 0.45784897
0.87325421 0.38476461
0.87484484 0.31174999
0.87643546 0.27031432
0.87802609 0.2705003
0.87961672 0.29997553
0.88120734 0.33727413
0.88279797 0.36675762
0.8843886 0.38412517
0.88597922 0.39153949
0.88756985 0.39054998
0.88916048 0.38089774
0.89075111 0.36516168
0.89234173 0.35187853
0.89393236 0.3509378
0.89552299 0.36373068
0.89711361 0.37788803
0.89870424 0.37431373
0.90029487 0.34333485
0.90188549 0.29681275
0.90347612 0.26398613
0.90506675 0.27140394
0.90665738 0.32145602
0.908248 0.38712248
0.90983863 0.42878805
0.91142926 0.42130543
0.91301988 0.37065225
0.91461051 0.30738775
0.91620114 0.26261152
0.91779176 0.24600996
0.91938239 0.24324556
0.92097302 0.2333942
0.92256364 0.21038315
0.92415427 0.18956882
0.9257449 0.1939247
0.92733553 0.2322022
0.92892615 0.28847161
0.93051678 0.33264719
0.93210741 0.34346072
0.93369803 0.32452196
0.93528866 0.29989863
0.93687929 0.29306354
0.93846991 0.30714196
0.94006054 0.32312333
0.94165117 0.31725414
0.9432418 0.28249055
0.94483242 0.23559864
0.94642305 0.20393202
0.94801368 0.20332649
0.9496043 0.22602181
0.95119493 0.24875485
0.95278556 0.25376869
0.95437618 0.24437041
0.95596681 0.24134185
0.95755744 0.26300028
0.95914807 0.30601948
0.96073869 0.34406909
0.96232932 0.34677784
0.96391995 0.3044648
0.96551057 0.23862507
0.9671012 0.18890068
0.96869183 0.18562995
0.97028245 0.22840755
0.97187308 0.28655101
0.97346371 0.3207742
0.97505433 0.30978781
0.97664496 0.26275147
0.97823559 0.20992876
0.97982622 0.18013312
0.98141684 0.18221225
0.98300747 0.2031324
0.9845981 0.22185085
0.98618872 0.22678436
0.98777935 0.22345799
0.98936998 0.22768558
0.9909606 0.25089224
0.99255123 0.28942813
0.99414186 0.32576463
0.99573249 0.34014673
0.99732311 0.32385251
0.99891374 0.28474343
1.0005044 0.24185602
1.002095 0.21347244
1.0036856 0.20698563
1.0052762 0.21676446
1.0068669 0.2302398
1.0084575 0.23702616
1.0100481 0.23462086
1.0116388 0.22748784
1.0132294 0.22143367
1.01482 0.21837465
1.0164106 0.21570826
1.0180013 0.21040362
1.0195919 0.20384722
1.0211825 0.20266998
1.0227731 0.21402972
1.0243638 0.23869844
1.0259544 0.26784082
1.027545 0.28714359
1.0291357 0.28625766
1.0307263 0.26671013
1.0323169 0.24170432
1.0339075 0.22699667
1.0354982 0.2292097
1.0370888 0.24072601
1.0386794 0.24589985
1.04027 0.23455437
1.0418607 0.2123397
1.0434513 0.19896999
1.0450419 0.21422043
1.0466325 0.26138313
1.0482232 0.320903
1.0498138 0.36024936
1.0514044 0.35428854
1.0529951 0.30229303
1.0545857 0.22954658
1.0561763 0.17213904
1.0577669 0.15520176
1.0593576 0.17902452
1.0609482 0.22145611
1.0625388 0.25356474
1.0641294 0.25718199
1.0657201 0.2332261
1.0673107 0.1973775
1.0689013 0.16835998
1.070492 0.1575614
1.0720826 0.16559946
1.0736732 0.18540144
1.0752638 0.20750396
1.0768545 0.22381401
1.0784451 0.22915309
1.0800357 0.2220127
1.0816263 0.20536323
1.083217 0.18647249
1.0848076 0.17420108
1.0863982 0.17419286
1.0879889 0.18498946
1.0895795 0.19848928
1.0911701 0.20529945
1.0927607 0.20148585
1.0943514 0.19155977
1.095942 0.18505661
1.0975326 0.18901311
1.0991232 0.20204382
1.1007139 0.2146783
1.1023045 0.21587876
1.1038951 0.20097995
1.1054857 0.17534157
1.1070764 0.15134782
1.108667 0.14118951
1.1102576 0.1503914
1.1118483 0.17574745
1.1134389 0.20781589
1.1150295 0.23544694
1.1166201 0.24970609
1.1182108 0.2462221
1.1198014 0.22630736
1.121392 0.19699185
1.1229826 0.16922709
1.1245733 0.15370437
1.1261639 0.15555043
1.1277545 0.17107169
1.1293452 0.18943951
1.1309358 0.19911881
1.1325264 0.19505298
1.134117 0.18143331
1.1357077 0.16783332
1.1372983 0.16160889
1.1388889 0.1625994
1.1404795 0.16444908
1.1420702 0.16139852
1.1436608 0.15462114
1.1452514 0.15227013
1.146842 0.16259662
1.1484327 0.18563204
1.1500233 0.21074779
1.1516139 0.22303638
1.1532046 0.21420499
1.1547952 0.18948863
1.1563858 0.16467948
1.1579764 0.15496665
1.1595671 0.1638927
1.1611577 0.18094627
1.1627483 0.18975659
1.1643389 0.18063412
1.1659296 0.1578343
1.1675202 0.13609567
1.1691108 0.12939653
1.1707015 0.14081636
1.1722921 0.16122998
1.1738827 0.17736385
1.1754733 0.18235585
1.177064 0.18026279
1.1786546 0.18116699
1.1802452 0.1913014
1.1818358 0.20663293
1.1834265 0.21542362
1.1850171 0.20786935
1.1866077 0.18501992
1.1881983 0.15956596
1.189789 0.14743706
1.1913796 0.15643791
1.1929702 0.18059299
1.1945609 0.20455427
1.1961515 0.21473436
1.1977421 0.20874086
1.1993327 0.19610341
1.2009234 0.19003068
1.202514 0.19675477
1.2041046 0.21069608
1.2056952 0.21903102
1.2072859 0.21195039
1.2088765 0.19058908
1.2104671 0.16652083
1.2120578 0.15326542
1.2136484 0.15635922
1.215239 0.16954478
1.2168296 0.17987064
1.2184203 0.17768785
1.2200109 0.16389347
1.2216015 0.14899408
1.2231921 0.14483866
1.2247828 0.15536757
1.2263734 0.17332862
1.227964 0.18531005
1.2295547 0.18124411
1.2311453 0.1614136
1.2327359 0.13611677
1.2343265 0.11866653
1.2359172 0.11704838
1.2375078 0.12999572
1.2390984 0.14950434
1.240689 0.1670417
1.2422797 0.17853352
1.2438703 0.18493207
1.2454609 0.18899731
1.2470515 0.19166576
1.2486422 0.19108121
1.2502328 0.184685
1.2518234 0.17217147
1.2534141 0.15667339
1.2550047 0.14329736
1.2565953 0.13633009
1.2581859 0.13722231
1.2597766 0.14444251
1.2613672 0.15468125
1.2629578 0.1641856
1.2645484 0.1696026
1.2661391 0.16866927
1.2677297 0.16121177
1.2693203 0.15004719
1.270911 0.14058241
1.2725016 0.13836307
1.2740922 0.14552797
1.2756828 0.1586364
1.2772735 0.17002804
1.2788641 0.17252749
1.2804547 0.16457473
1.2820453 0.1520424
1.283636 0.14504981
1.2852266 0.15164697
1.2868172 0.17260835
1.2884078 0.20085675
1.2899985 0.22574029
1.2915891 0.23903726
1.2931797 0.23866957
1.2947704 0.22816154
1.296361 0.21307742
1.2979516 0.1974901
1.2995422 0.18280306
1.3011329 0.16894248
1.3027235 0.15613541
1.3043141 0.14552965
1.3059047 0.13838397
1.3074954 0.13491559
1.309086 0.13397544
1.3106766 0.13372741
1.3122673 0.1325941
1.3138579 0.12976219
1.3154485 0.12526344
1.3170391 0.1200899
1.3186298 0.11640761
1.3202204 0.11722544
1.321811 0.12490265
1.3234016 0.13899218
1.3249923 0.15516135
1.3265829 0.16682807
1.3281735 0.16923864
1.3297642 0.1633316
1.3313548 0.15609267
1.3329454 0.15628125
1.334536 0.16805596
1.3361267 0.18720071
1.3377173 0.20323465
1.3393079 0.20640123
1.3408985 0.1946304
1.3424892 0.17528479
1.3440798 0.16028013
1.3456704 0.15813685
1.347261 0.16874681
1.3488517 0.1843837
1.3504423 0.19564532
1.3520329 0.19752197
1.3536236 0.19130539
1.3552142 0.18182363
1.3568048 0.17313199
1.3583954 0.16633277
1.3599861 0.16058517
1.3615767 0.15531122
1.3631673 0.15094331
1.3647579 0.14765608
1.3663486 0.14404049
1.3679392 0.13792547
1.3695298 0.12917076
1.3711205 0.12163651
1.3727111 0.1215508
1.3743017 0.13259986
1.3758923 0.15158933
1.377483 0.16897803
1.3790736 0.17498302
1.3806642 0.16705728
1.3822548 0.15267277
1.3838455 0.14454865
1.3854361 0.15144456
1.3870267 0.17146072
1.3886173 0.1930764
1.390208 0.20313169
1.3917986 0.19554498
1.3933892 0.17424452
1.3949799 0.14875708
1.3965705 0.12684291
1.3981611 0.11045459
1.3997517 0.097721042
1.4013424 0.088014301
1.402933 0.084557905
1.4045236 0.091729925
1.4061142 0.10959279
1.4077049 0.13119025
1.4092955 0.14591209
1.4108861 0.14670685
1.4124768 0.1351802
1.4140674 0.12018291
1.415658 0.11107928
1.4172486 0.11147124
1.4188393 0.11853371
1.4204299 0.12782112
1.4220205 0.13831872
1.4236111 0.15244525
1.4252018 0.17088042
1.4267924 0.18770629
1.428383 0.19189709
1.4299736 0.17561529
1.4315643 0.14281832
1.4331549 0.10990639
1.4347455 0.095930926
1.4363362 0.10885996
1.4379268 0.13880765
1.4395174 0.16455349
1.441108 0.16921723
1.4426987 0.15310059
1.4442893 0.13329593
1.4458799 0.12991439
1.4474705 0.14959389
1.4490612 0.17942728
1.4506518 0.19635474
1.4522424 0.18480385
1.4538331 0.14881287
1.4554237 0.10928597
1.4570143 0.088742933
1.4586049 0.095473962
1.4601956 0.11892301
1.4617862 0.13890507
1.4633768 0.14066036
1.4649674 0.12414543
1.4665581 0.10159204
1.4681487 0.08693443
1.4697393 0.086262504
1.47133 0.096084736
1.4729206 0.10883155
1.4745112 0.11939492
1.4761018 0.12703511
1.4776925 0.13234498
1.4792831 0.13374671
1.4808737 0.1278856
1.4824643 0.11381143
1.484055 0.096561714
1.4856456 0.085852936
1.4872362 0.08998676
1.4888268 0.10966928
1.4904175 0.1369319
1.4920081 0.16020899
1.4935987 0.17154376
1.4951894 0.17034537
1.49678 0.16136012
1.4983706 0.14952638
1.4999612 0.13667836
1.5015519 0.12275905
1.5031425 0.1096082
1.5047331 0.10281111
1.5063237 0.10889307
1.5079144 0.12965319
1.509505 0.15852427
1.5110956 0.18266992
1.5126863 0.19002338
1.5142769 0.17645886
1.5158675 0.14809425
1.5174581 0.11737419
1.5190488 0.09596784
1.5206394 0.089223458
1.52223 0.095059001
1.5238206 0.10676259
1.5254113 0.11706009
1.5270019 0.12112704
1.5285925 0.11784688
1.5301831 0.10969399
1.5317738 0.10152566
1.5333644 0.098257883
1.534955 0.10197824
1.5365457 0.11021031
1.5381363 0.11720438
1.5397269 0.11823818
1.5413175 0.1140454
1.5429082 0.11134552
1.5444988 0.11784779
1.5460894 0.13478966
1.54768 0.1531784
1.5492707 0.15813345
1.5508613 0.13960818
1.5524519 0.10189665
1.5540426 0.063874552
1.5556332 0.048124949
1.5572238 0.065678659
1.5588144 0.1072979
1.5604051 0.14826268
1.5619957 0.16402801
1.5635863 0.14607389
1.5651769 0.10697438
1.5667676 0.071454471
1.5683582 0.06010291
1.5699488 0.077085702
1.5715395 0.10953463
1.5731301 0.13757922
1.5747207 0.14702336
1.5763113 0.13621051
1.577902 0.11403424
1.5794926 0.092460104
1.5810832 0.079572582
1.5826738 0.077039637
1.5842645 0.081801509
1.5858551 0.089314151
1.5874457 0.09606615
1.5890363 0.10081948
1.590627 0.10493475
1.5922176 0.11172841
1.5938082 0.12441151
1.5953989 0.14305474
1.5969895 0.1626488
1.5985801 0.17464612
1.6001707 0.17214006
1.6017614 0.15541947
1.603352 0.1332121
1.6049426 0.11754168
1.6065332 0.11528044
1.6081239 0.12289068
1.6097145 0.12907118
1.6113051 0.12385397
1.6128958 0.10705669
1.6144864 0.088931301
1.616077 0.081979403
1.6176676 0.090403539
1.6192583 0.10609596
1.6208489 0.1149548
1.6224395 0.10862923
1.6240301 0.091868655
1.6256208 0.078961877
1.6272114 0.08184516
1.628802 0.099736662
1.6303926 0.11925627
1.6319833 0.12535423
1.6335739 0.11412545
1.6351645 0.096632059
1.6367552 0.090104982
1.6383458 0.10345736
1.6399364 0.12906327
1.641527 0.14787682
1.6431177 0.14409566
1.6447083 0.11768286
1.6462989 0.084703532
1.6478895 0.065255209
1.6494802 0.068677599
1.6510708 0.087648624
1.6526614 0.10533058
1.6542521 0.10922132
1.6558427 0.10038306
1.6574333 0.091043324
1.6590239 0.09325718
1.6606146 0.10830839
1.6622052 0.12536016
1.6637958 0.12999883
1.6653864 0.11547564
1.6669771 0.087846332
1.6685677 0.061563514
1.6701583 0.049548587
1.6717489 0.055357359
1.6733396 0.072504088
1.6749302 0.090145135
1.6765208 0.10010776
1.6781115 0.10051429
1.6797021 0.094806318
1.6812927 0.088324509
1.6828833 0.085281883
1.684474 0.087372265
1.6860646 0.093587066
1.6876552 0.10061703
1.6892458 0.10400386
1.6908365 0.10038937
1.6924271 0.090116462
1.6940177 0.078208298
1.6956084 0.072140747
1.697199 0.077145719
1.6987896 0.092218754
1.7003802 0.11013281
1.7019709 0.12196355
1.7035615 0.12299706
1.7051521 0.11555685
1.7067427 0.10660912
1.7083334 0.10217308
1.709924 0.10305729
1.7115146 0.10513061
1.7131053 0.10340688
1.7146959 0.096147179
1.7162865 0.085599852
1.7178771 0.075339194
1.7194678 0.06723226
1.7210584 0.0610271
1.722649 0.056590239
1.7242396 0.055923139
1.7258303 0.062197152
1.7274209 0.07617587
1.7290115 0.093505636
1.7306021 0.10620895
1.7321928 0.1080628
1.7337834 0.099607824
1.735374 0.088157899
1.7369647 0.082160098
1.7385553 0.08431408
1.7401459 0.089389188
1.7417365 0.088948836
1.7433272 0.07917832
1.7449178 0.064994893
1.7465084 0.056516684
1.748099 0.060543791
1.7496897 0.074294844
1.7512803 0.087058742
1.7528709 0.08876899
1.7544616 0.078428836
1.7560522 0.065163927
1.7576428 0.060785168
1.7592334 0.069972693
1.7608241 0.086309069
1.7624147 0.09749349
1.7640053 0.095315505
1.7655959 0.082015372
1.7671866 0.067886845
1.7687772 0.062533141
1.7703678 0.067477149
1.7719584 0.076299284
1.7735491 0.081600804
1.7751397 0.082036037
1.7767303 0.082817748
1.778321 0.089298389
1.7799116 0.099855794
1.7815022 0.10529958
1.7830928 0.096279224
1.7846835 0.072682978
1.7862741 0.046490896
1.7878647 0.034530114
1.7894553 0.046078841
1.791046 0.075062319
1.7926366 0.10342493
1.7942272 0.11355401
1.7958179 0.10046695
1.7974085 0.074685052
1.7989991 0.054035089
1.8005897 0.051016789
1.8021804 0.065187716
1.803771 0.08540679
1.8053616 0.098949151
1.8069522 0.099884093
1.8085429 0.090936767
1.8101335 0.079035182
1.8117241 0.069488192
1.8133148 0.063588198
1.8149054 0.060344407
1.816496 0.059240432
1.8180866 0.060760242
1.8196773 0.064536437
1.8212679 0.067882048
1.8228585 0.067162611
1.8244491 0.061292322
1.8260398 0.053885393
1.8276304 0.051246734
1.829221 0.057149833
1.8308116 0.068778997
1.8324023 0.077879628
1.8339929 0.076944305
1.8355835 0.065688128
1.8371742 0.052269371
1.8387648 0.047704733
1.8403554 0.057536944
1.841946 0.077301656
1.8435367 0.095493144
1.8451273 0.10180606
1.8467179 0.094293776
1.8483085 0.080088932
1.8498992 0.069539104
1.8514898 0.068666468
1.8530804 0.0757221
1.8546711 0.083867133
1.8562617 0.087045674
1.8578523 0.084038857
1.8594429 0.077901745
1.8610336 0.07219672
1.8626242 0.067895102
1.8642148 0.063613372
1.8658054 0.058408757
1.8673961 0.053954658
1.8689867 0.053668869
1.8705773 0.059433753
1.8721679 0.06901839
1.8737586 0.076892813
1.8753492 0.078163566
1.8769398 0.072487767
1.8785305 0.06459856
1.8801211 0.06076004
1.8817117 0.063833043
1.8833023 0.070872536
1.884893 0.075258909
1.8864836 0.071824237
1.8880742 0.061067035
1.8896648 0.04917319
1.8912555 0.043666346
1.8928461 0.047762853
1.8944367 0.057550759
1.8960274 0.064240296
1.897618 0.06025462
1.8992086 0.04517782
1.9007992 0.027371539
1.9023899 0.019628872
1.9039805 0.031071104
1.9055711 0.060262967
1.9071617 0.094338767
1.9087524 0.11555085
1.910343 0.11186642
1.9119336 0.085067516
1.9135242 0.050677088
1.9151149 0.028944207
1.9167055 0.032177696
1.9182961 0.056732264
1.9198868 0.085367683
1.9214774 0.098791104
1.923068 0.088623225
1.9246586 0.062698342
1.9262493 0.038880413
1.9278399 0.031883922
1.9294305 0.042800378
1.9310211 0.059067863
1.9326118 0.064767914
1.9342024 0.053293891
1.935793 0.032658023
1.9373837 0.019418454
1.9389743 0.025991062
1.9405649 0.051117284
1.9421555 0.080634802
1.9437462 0.097635251
1.9453368 0.094025774
1.9469274 0.074913584
1.948518 0.053271236
1.9501087 0.039912676
1.9516993 0.036851713
1.9532899 0.038542209
1.9548806 0.038703389
1.9564712 0.036204481
1.9580618 0.035093142
1.9596524 0.039475933
1.9612431 0.04849965
1.9628337 0.056279843
1.9644243 0.056898577
1.9660149 0.049906291
1.9676056 0.041270008
1.9691962 0.038750493
1.9707868 0.045609602
1.9723774 0.058008253
1.9739681 0.068241617
1.9755587 0.070957389
1.9771493 0.067077989
1.97874 0.062306205
1.9803306 0.061820563
1.9819212 0.065902686
1.9835118 0.070159062
1.9851025 0.06982899
1.9866931 0.064159323
1.9882837 0.056987886
1.9898743 0.053197457
1.991465 0.054356077
1.9930556 0.057446359
1.9946462 0.057722649
1.9962369 0.053066873
1.9978275 0.045977254
1.9994181 0.041495813
2.0010087 0.042933255
2.0025994 0.049059092
2.00419 0.055033235
2.0057806 0.056135839
2.0073712 0.05114732
2.0089619 0.042806267
2.0105525 0.035386509
2.0121431 0.031688335
2.0137337 0.031800646
2.0153244 0.03411855
2.016915 0.037181965
2.0185056 0.040594074
2.0200963 0.044559776
2.0216869 0.048984842
2.0232775 0.053240103
2.0248681 0.056672718
2.0264588 0.059002414
2.0280494 0.059952097
2.02964 0.058572216
2.0312306 0.053408033
2.0328213 0.043969148
2.0344119 0.032407364
2.0360025 0.023505617
2.0375932 0.022142427
2.0391838 0.029669688
2.0407744 0.042092739
2.042365 0.051988504
2.0439557 0.053223001
2.0455463 0.04508124
2.0471369 0.032621039
2.0487275 0.022948838
2.0503182 0.020351308
2.0519088 0.024043079
2.0534994 0.029974346
2.0550901 0.034693886
2.0566807 0.037707661
2.0582713 0.040451911
2.0598619 0.043332486
2.0614526 0.044162384
2.0630432 0.039954052
2.0646338 0.03060518
2.0662244 0.020767393
2.0678151 0.017398353
2.0694057 0.024339327
2.0709963 0.038352289
2.0725869 0.050421432
2.0741776 0.051968945
2.0757682 0.041357062
2.0773588 0.025408395
2.0789495 0.014472915
2.0805401 0.01478599
2.0821307 0.024131894
2.0837213 0.034165717
2.085312 0.037316469
2.0869026 0.032528937
2.0884932 0.025260354
2.0900838 0.022099844
2.0916745 0.024884255
2.0932651 0.029427002
2.0948557 0.029822621
2.0964464 0.024371789
2.098037 0.01774216
2.0996276 0.01725728
2.1012182 0.026352152
2.1028089 0.040820002
2.1043995 0.051273969
2.1059901 0.050108382
2.1075807 0.037477959
2.1091714 0.021532854
2.110762 0.012699923
2.1123526 0.016415458
2.1139432 0.02971409
2.1155339 0.043867976
2.1171245 0.050640068
2.1187151 0.047359835
2.1203058 0.037515526
2.1218964 0.027275688
2.123487 0.021153678
2.1250776 0.019930007
2.1266683 0.021565595
2.1282589 0.023496065
2.1298495 0.024231249
2.1314401 0.023496039
2.1330308 0.021642999
2.1346214 0.019345887
2.136212 0.017704265
2.1378027 0.018075633
2.1393933 0.021195393
2.1409839 0.026165914
2.1425745 0.030474805
2.1441652 0.031509156
2.1457558 0.028578772
2.1473464 0.023685298
2.148937 0.020120485
2.1505277 0.019861349
2.1521183 0.021954799
2.1537089 0.023397578
2.1552995 0.02187015
2.1568902 0.017948771
2.1584808 0.014738515
2.1600714 0.015098458
2.1616621 0.018855009
2.1632527 0.022587716
2.1648433 0.022422439
2.1664339 0.017576162
2.1680246 0.0115453
2.1696152 0.0096743182
2.1712058 0.014898068
2.1727964 0.025115474
2.1743871 0.03444411
2.1759777 0.03747666
2.1775683 0.033210544
2.179159 0.025590397
2.1807496 0.020343755
2.1823402 0.020709019
2.1839308 0.025376066
2.1855215 0.030008075
2.1871121 0.030824956
2.1887027 0.027294365
2.1902933 0.022018654
2.191884 0.018334374
2.1934746 0.017835343
2.1950652 0.019708266
2.1966559 0.021979154
2.1982465 0.023221636
2.1998371 0.023244697
2.2014277 0.022528711
2.2030184 0.02137138
2.204609 0.019735323
2.2061996 0.017798971
2.2077902 0.016338603
2.2093809 0.016249803
2.2109715 0.017549358
2.2125621 0.018962498
2.2141527 0.018803996
2.2157434 0.016584027
2.217334 0.013852529
2.2189246 0.013251442
2.2205153 0.016313316
2.2221059 0.021833983
2.2236965 0.0263826
2.2252871 0.026771856
2.2268778 0.022558824
2.2284684 0.016471879
2.230059 0.012322807
2.2316496 0.012088298
2.2332403 0.014581116
2.2348309 0.016792393
2.2364215 0.016697855
2.2380122 0.015064932
2.2396028 0.014679633
2.2411934 0.017675009
2.242784 0.023317554
2.2443747 0.028234092
2.2459653 0.028965673
2.2475559 0.024736991
2.2491465 0.018146891
2.2507372 0.013242961
2.2523278 0.012598163
2.2539184 0.01572594
2.255509 0.019918889
2.2570997 0.022549844
2.2586903 0.022818261
2.2602809 0.02167117
2.2618716 0.020362689
2.2634622 0.019219393
2.2650528 0.01772431
2.2666434 0.01558528
2.2682341 0.013469438
2.2698247 0.012505858
2.2714153 0.013026729
2.2730059 0.013937326
2.2745966 0.013598356
2.2761872 0.011585615
2.2777778 0.0096239871
2.2793685 0.01051306
2.2809591 0.015650908
2.2825497 0.023238344
2.2841403 0.028964007
2.285731 0.028990204
2.2873216 0.023005246
2.2889122 0.014805702
2.2905028 0.009724474
2.2920935 0.010771635
2.2936841 0.016475328
2.2952747 0.022112601
2.2968654 0.023334575
2.298456 0.01932009
2.3000466 0.013060488
2.3016372 0.0087531503
2.3032279 0.0085632214
2.3048185 0.011342035
2.3064091 0.014098873
2.3079997 0.014712414
2.3095904 0.01349328
2.311181 0.012409278
2.3127716 0.012905598
2.3143622 0.014416144
2.3159529 0.014914454
2.3175435 0.012942866
2.3191341 0.0092170168
2.3207248 0.0062960056
2.3223154 0.0065432628
2.323906 0.01012289
2.3254966 0.014755458
2.3270873 0.017446864
2.3286779 0.016741883
2.3302685 0.01366525
2.3318591 0.010679139
2.3334498 0.009650475
2.3350404 0.010555553
2.336631 0.011891463
2.3382217 0.012253287
2.3398123 0.011606142
2.3414029 0.011180603
2.3429935 0.012206682
2.3445842 0.014700276
2.3461748 0.017382398
2.3477654 0.01874279
2.349356 0.018254578
2.3509467 0.016681364
2.3525373 0.01528581
2.3541279 0.014722456
2.3557185 0.014610203
2.3573092 0.014094659
2.3588998 0.012797539
2.3604904 0.011242924
2.3620811 0.010389894
2.3636717 0.010751147
2.3652623 0.011944762
2.3668529 0.01309152
2.3684436 0.013659925
2.3700342 0.013936615
2.3716248 0.014653912
2.3732154 0.016110477
2.3748061 0.017632226
2.3763967 0.017957149
2.3779873 0.016304511
2.379578 0.013229384
2.3811686 0.010462988
2.3827592 0.0097438166
2.3843498 0.011493819
2.3859405 0.014379982
2.3875311 0.016158106
2.3891217 0.015226204
2.3907123 0.011773757
2.392303 0.0077037807
2.3938936 0.0053866115
2.3954842 0.0061136225
2.3970748 0.0092887305
2.3986655 0.012854508
2.4002561 0.014619731
2.4018467 0.013604923
2.4034374 0.010572917
2.405028 0.0074687629
2.4066186 0.0061707786
2.4082092 0.0073440156
2.4097999 0.010088185
2.4113905 0.012569378
2.4129811 0.013219678
2.4145717 0.011735921
2.4161624 0.0092295883
2.417753 0.007423629
2.4193436 0.0074326613
2.4209343 0.0089724605
2.4225249 0.010576524
2.4241155 0.010694985
2.4257061 0.0088956208
2.4272968 0.0062729231
2.4288874 0.0047239494
2.430478 0.0055877388
2.4320686 0.008639753
2.4336593 0.012189366
2.4352499 0.014214567
2.4368405 0.01370348
2.4384312 0.011245593
2.4400218 0.0085118573
2.4416124 0.0070952158
2.443203 0.0075940083
2.4447937 0.009520371
2.4463843 0.0119063
2.4479749 0.013977086
2.4495655 0.015359169
2.4511562 0.015832963
2.4527468 0.015092422
2.4543374 0.012909796
2.455928 0.009605323
2.4575187 0.0062909516
2.4591093 0.0044493118
2.4606999 0.0049928543
2.4622906 0.0075071099
2.4638812 0.010370918
2.4654718 0.011798902
2.4670624 0.011079022
2.4686531 0.0090495166
2.4702437 0.0074151842
2.4718343 0.0074188429
2.4734249 0.0089082883
2.4750156 0.010525709
2.4766062 0.01084191
2.4781968 0.0095039169
2.4797875 0.0074789613
2.4813781 0.0062362067
2.4829687 0.0065708087
2.4845593 0.0080321449
2.48615 0.0093806011
2.4877406 0.0096401511
2.4893312 0.008856928
2.4909218 0.0079718524
2.4925125 0.0079785653
2.4941031 0.0091066723
2.4956937 0.010687478
2.4972843 0.011742363
2.498875 0.011739819
2.5004656 0.010891941
2.5020562 0.0098216602
2.5036469 0.0089848273
2.5052375 0.0083888877
2.5068281 0.0078094059
2.5084187 0.0072146777
2.5100094 0.0069282315
2.5116 0.0073416512
2.5131906 0.0084532279
2.5147812 0.0097061136
2.5163719 0.010339305
2.5179625 0.0099821079
2.5195531 0.0089669229
2.5211438 0.0080562551
2.5227344 0.0077950068
2.524325 0.0080493568
2.5259156 0.0081530612
2.5275063 0.0075554523
2.5290969 0.0064070079
2.5306875 0.0055390705
2.5322781 0.0057983558
2.5338688 0.0072661471
2.5354594 0.0090362423
2.53705 0.0098013112
2.5386407 0.0088379017
2.5402313 0.0066258777
2.5418219 0.0045893145
2.5434125 0.0041147467
2.5450032 0.005563346
2.5465938 0.0080061877
2.5481844 0.0098705411
2.549775 0.010013839
2.5513657 0.0084510692
2.5529563 0.0062509269
2.5545469 0.0047385514
2.5561375 0.0046177329
2.5577282 0.0056186072
2.5593188 0.0068391038
2.5609094 0.0074433609
2.5625001 0.0071818523
2.5640907 0.0064101313
2.5656813 0.0056936961
2.5672719 0.0053651096
2.5688626 0.0053613398
2.5704532 0.0053951848
2.5720438 0.0052521201
2.5736344 0.0049525167
2.5752251 0.0046819256
2.5768157 0.004601514
2.5784063 0.0047275604
2.579997 0.0049704446
2.5815876 0.0052616112
2.5831782 0.0056245819
2.5847688 0.0061200567
2.5863595 0.0067334534
2.5879501 0.0073377797
2.5895407 0.007790908
2.5911313 0.0080832152
2.592722 0.0083794008
2.5943126 0.0088783894
2.5959032 0.0095882824
2.5974938 0.010222891
2.5990845 0.010355771
2.6006751 0.0097533677
2.6022657 0.0086259467
2.6038564 0.0075556319
2.605447 0.0070993294
2.6070376 0.0073440979
2.6086282 0.0077775039
2.6102189 0.0076270178
2.6118095 0.0064592522
2.6134001 0.0045951277
2.6149907 0.0029953952
2.6165814 0.0026518265
2.618172 0.0038997632
2.6197626 0.006148085
2.6213533 0.0082285706
2.6229439 0.0091171176
2.6245345 0.0085187576
2.6261251 0.0069328811
2.6277158 0.0052159457
2.6293064 0.0040141986
2.630897 0.003477753
2.6324876 0.0033876382
2.6340783 0.0034853415
2.6356689 0.0036777874
2.6372595 0.0039735898
2.6388501 0.004295449
2.6404408 0.0044310644
2.6420314 0.0042234207
2.643622 0.0038217671
2.6452127 0.003698055
2.6468033 0.0043172176
2.6483939 0.005686788
2.6499845 0.0071897923
2.6515752 0.0079276744
2.6531658 0.0073804562
2.6547564 0.0058785872
2.656347 0.0044665067
2.6579377 0.0041916501
2.6595283 0.005323633
2.6611189 0.00710506
2.6627096 0.0082551594
2.6643002 0.0078754342
2.6658908 0.0060927854
2.6674814 0.0039704394
2.6690721 0.0027673196
2.6706627 0.0031012199
2.6722533 0.0046101432
2.6738439 0.0063025638
2.6754346 0.0072760339
2.6770252 0.0072579045
2.6786158 0.006622472
2.6802065 0.0059661399
2.6817971 0.0056268068
2.6833877 0.0055053981
2.6849783 0.0052605343
2.686569 0.004661289
2.6881596 0.0038104299
2.6897502 0.0030998421
2.6913408 0.0029700266
2.6929315 0.0036512432
2.6945221 0.0050268278
2.6961127 0.0066603296
2.6977033 0.0079577356
2.699294 0.0084091173
2.7008846 0.0078298563
2.7024752 0.0064869382
2.7040659 0.0050025385
2.7056565 0.0040316302
2.7072471 0.0038789116
2.7088377 0.0043178521
2.7104284 0.0047766983
2.712019 0.0047899495
2.7136096 0.0043781882
2.7152002 0.004033725
2.7167909 0.0042873775
2.7183815 0.0051923832
2.7199721 0.0061729203
2.7215628 0.0064160987
2.7231534 0.0055306575
2.724744 0.0039340883
2.7263346 0.0026104947
2.7279253 0.0023859793
2.7295159 0.0032857349
2.7311065 0.004502709
2.7326971 0.0050251562
2.7342878 0.0044288615
2.7358784 0.0031955705
2.737469 0.0023040814
2.7390596 0.0024385244
2.7406503 0.0034671368
2.7422409 0.0046044319
2.7438315 0.0050884044
2.7454222 0.0047810861
2.7470128 0.0041935535
2.7486034 0.0039535941
2.750194 0.0042174117
2.7517847 0.0045550888
2.7533753 0.0043982518
2.7549659 0.003627424
2.7565565 0.0027524574
2.7581472 0.002509351
2.7597378 0.003225587
2.7613284 0.0045184561
2.7629191 0.005597042
2.7645097 0.005903305
2.7661003 0.0055310701
2.7676909 0.0050674149
2.7692816 0.0050204842
2.7708722 0.0053618351
2.7724628 0.0055939235
2.7740534 0.0052652037
2.7756441 0.0044429344
2.7772347 0.0036936841
2.7788253 0.0035778836
2.780416 0.0041205742
2.7820066 0.0047557704
2.7835972 0.0048172004
2.7851878 0.0041450654
2.7867785 0.003256627
2.7883691 0.00290804
2.7899597 0.0034218558
2.7915503 0.0043768572
2.793141 0.0049471725
2.7947316 0.0046049619
2.7963222 0.0035744331
2.7979128 0.0026389304
2.7995035 0.0024710943
2.8010941 0.0030748388
2.8026847 0.0038246005
2.8042754 0.0040540652
2.805866 0.003658995
2.8074566 0.0031717431
2.8090472 0.0032440422
2.8106379 0.0040105197
2.8122285 0.0049175153
2.8138191 0.0051876187
2.8154097 0.0045177676
2.8170004 0.0033887235
2.818591 0.0026956133
2.8201816 0.0030030796
2.8217723 0.0040620338
2.8233629 0.0050047505
2.8249535 0.0050539178
2.8265441 0.0041455648
2.8281348 0.0029495007
2.8297254 0.0022920863
2.831316 0.0024873012
2.8329066 0.0031356842
2.8344973 0.0035282857
2.8360879 0.0032756841
2.8376785 0.0026163894
2.8392691 0.0021670952
2.8408598 0.0023676651
2.8424504 0.0031145377
2.844041 0.0038774155
2.8456317 0.0041585092
2.8472223 0.0038755076
2.8488129 0.0033570039
2.8504035 0.0030053214
2.8519942 0.0029618088
2.8535848 0.0030637741
2.8551754 0.0030825195
2.856766 0.0029747617
2.8583567 0.002898955
2.8599473 0.003003242
2.8615379 0.0032225512
2.8631286 0.003305831
2.8647192 0.0030559266
2.8663098 0.0025449339
2.8679004 0.0020849135
2.8694911 0.0019711836
2.8710817 0.002239813
2.8726723 0.0026702028
2.8742629 0.0030243957
2.8758536 0.0032792712
2.8774442 0.0036107518
2.8790348 0.0041368068
2.8806254 0.0046818524
2.8822161 0.0048319433
2.8838067 0.0042816657
2.8853973 0.0031734337
2.886988 0.0020910247
2.8885786 0.0016543913
2.8901692 0.0020292818
2.8917598 0.0027753919
2.8933505 0.0031894832
2.8949411 0.0028750131
2.8965317 0.002062403
2.8981223 0.0014079671
2.899713 0.0014449537
2.9013036 0.002157202
2.9028942 0.003031357
2.9044849 0.0035194334
2.9060755 0.0034885809
2.9076661 0.0032648137
2.9092567 0.0032593736
2.9108474 0.00354856
2.912438 0.0038099806
2.9140286 0.0036724505
2.9156192 0.0031355316
2.9172099 0.0026357307
2.9188005 0.0026626884
2.9203911 0.0032646565
2.9219818 0.0039191279
2.9235724 0.0039366223
2.925163 0.0030768506
2.9267536 0.0018309622
2.9283443 0.0010843622
2.9299349 0.0014104973
2.9315255 0.0025869721
2.9331161 0.0037580598
2.9347068 0.0041221562
2.9362974 0.0035687312
2.937888 0.0027267822
2.9394786 0.0023904163
2.9410693 0.0028224801
2.9426599 0.0035383736
2.9442505 0.0037509942
2.9458412 0.0030819623
2.9474318 0.0019157881
2.9490224 0.0010890107
2.950613 0.0011865224
2.9522037 0.0020549677
2.9537943 0.0029478389
2.9553849 0.0031659861
2.9569755 0.0026345438
2.9585662 0.001926437
2.9601568 0.0017325938
2.9617474 0.0022548324
2.9633381 0.0030473725
2.9649287 0.003426486
2.9665193 0.0030720097
2.9681099 0.0022926574
2.9697006 0.001739086
2.9712912 0.0018361037
2.9728818 0.0024371528
2.9744724 0.0029882698
2.9760631 0.0030319006
2.9776537 0.0025930005
2.9792443 0.0021162804
2.9808349 0.0020356453
2.9824256 0.0023792833
2.9840162 0.0027645544
2.9856068 0.0027734188
2.9871975 0.0023558868
2.9887881 0.001891244
2.9903787 0.001851309
2.9919693 0.0023682986
2.99356 0.0030929743
2.9951506 0.0034697812
2.9967412 0.0031908259
2.9983318 0.0024412133
2.9999225 0.0017367224
3.0015131 0.0015054014
3.0031037 0.0017696755
3.0046944 0.0021783717
3.006285 0.002329569
3.0078756 0.002091453
3.0094662 0.0016614773
3.0110569 0.0013522047
3.0126475 0.0013226982
3.0142381 0.0014906533
3.0158287 0.0016707145
3.0174194 0.0017770118
3.01901 0.0018895705
3.0206006 0.0021335224
3.0221913 0.0025043984
3.0237819 0.0028195302
3.0253725 0.0028502544
3.0269631 0.0025176754
3.0285538 0.001976571
3.0301444 0.0015144597
3.031735 0.0013543703
3.0333256 0.0015231063
3.0349163 0.0018753515
3.0365069 0.0022255561
3.0380975 0.0024632625
3.0396881 0.002571172
3.0412788 0.0025699517
3.0428694 0.0024721571
3.04446 0.002291661
3.0460507 0.00207661
3.0476413 0.0019036077
3.0492319 0.001820627
3.0508225 0.0017975565
3.0524132 0.0017511169
3.0540038 0.0016368107
3.0555944 0.0015183625
3.057185 0.0015279924
3.0587757 0.0017317853
3.0603663 0.0020218183
3.0619569 0.0021575667
3.0635476 0.0019535849
3.0651382 0.0014643951
3.0667288 0.00099220822
3.0683194 0.00088022094
3.0699101 0.0012443463
3.0715007 0.0018680409
3.0730913 0.0023611712
3.0746819 0.0024611746
3.0762726 0.0022267428
3.0778632 0.0019602172
3.0794538 0.0019273628
3.0810444 0.0021205185
3.0826351 0.0022743549
3.0842257 0.0021206924
3.0858163 0.0016549892
3.087407 0.0011728673
3.0889976 0.0010359546
3.0905882 0.0013662832
3.0921788 0.0019348259
3.0937695 0.0023426092
3.0953601 0.0023392671
3.0969507 0.0020072891
3.0985413 0.0016617572
3.100132 0.0015649053
3.1017226 0.0017107696
3.1033132 0.0018626032
3.1049039 0.0017948813
3.1064945 0.0015118118
3.1080851 0.0012440371
3.1096757 0.0012322022
3.1112664 0.0014997608
3.112857 0.0018236607
3.1144476 0.0019288567
3.1160382 0.0017297134
3.1176289 0.0014016766
3.1192195 0.0012224783
3.1208101 0.0013290532
3.1224007 0.001607168
3.1239914 0.0018055617
3.125582 0.0017632562
3.1271726 0.001542546
3.1287633 0.0013539275
3.1303539 0.0013517923
3.1319445 0.0014935362
3.1335351 0.0015893017
3.1351258 0.0014902955
3.1367164 0.0012374146
3.138307 0.0010322786
3.1398976 0.0010581407
3.1414883 0.0013144673
3.1430789 0.0016134242
3.1446695 0.0017380902
3.1462602 0.0016194365
3.1478508 0.0013796538
3.1494414 0.0012149136
3.151032 0.0012312214
3.1526227 0.0013764888
3.1542133 0.0015129091
3.1558039 0.0015465013
3.1573945 0.0014930321
3.1589852 0.0014361459
3.1605758 0.0014398344
3.1621664 0.0015081934
3.1637571 0.0016187348
3.1653477 0.0017695124
3.1669383 0.001969431
3.1685289 0.0021769164
3.1701196 0.00226991
3.1717102 0.0021165509
3.1733008 0.0017106297
3.1748914 0.0012423136
3.1764821 0.0010012557
3.1780727 0.0011544666
3.1796633 0.0015785699
3.1812539 0.0019145328
3.1828446 0.0018371131
3.1844352 0.0013333937
3.1860258 0.00074767994
3.1876165 0.00052809682
3.1892071 0.00086483257
3.1907977 0.0015195124
3.1923883 0.0020007367
3.193979 0.0019530718
3.1955696 0.001440226
3.1971602 0.00088477202
3.1987508 0.00071428762
3.2003415 0.0010125957
3.2019321 0.001468848
3.2035227 0.0016599466
3.2051134 0.0014162825
3.206704 0.00095523402
3.2082946 0.0006761484
3.2098852 0.00080773964
3.2114759 0.0012214611
3.2130665 0.0015675262
3.2146571 0.0015985487
3.2162477 0.001382205
3.2178384 0.0012134487
3.219429 0.0013158594
3.2210196 0.001615146
3.2226102 0.0017995798
3.2242009 0.001615283
3.2257915 0.0011234697
3.2273821 0.00067547028
3.2289728 0.0006162365
3.2305634 0.00097758418
3.232154 0.0014395561
3.2337446 0.0016025936
3.2353353 0.0013344771
3.2369259 0.00088516467
3.2385165 0.00066560199
3.2401071 0.00088380873
3.2416978 0.0013584971
3.2432884 0.0016741922
3.244879 0.0015414935
3.2464697 0.0010478546
3.2480603 0.00058359729
3.2496509 0.00051317124
3.2512415 0.00087913538
3.2528322 0.0013876749
3.2544228 0.0016718074
3.2560134 0.0015907745
3.257604 0.0013088803
3.2591947 0.0011068874
3.2607853 0.0011170681
3.2623759 0.0012260101
3.2639666 0.0012196274
3.2655572 0.0010172374
3.2671478 0.00076623861
3.2687384 0.00070865441
3.2703291 0.00094874725
3.2719197 0.0013425506
3.2735103 0.0016136745
3.2751009 0.0015882093
3.2766916 0.0013335376
3.2782822 0.0010793373
3.2798728 0.0010025581
3.2814634 0.0010798272
3.2830541 0.0011392039
3.2846447 0.0010502971
3.2862353 0.00086214124
3.287826 0.00075383067
3.2894166 0.00084822461
3.2910072 0.001074875
3.2925978 0.001222941
3.2941885 0.0011401911
3.2957791 0.00088739015
3.2973697 0.00069254749
3.2989603 0.0007384564
3.300551 0.00098193063
3.3021416 0.0011832384
3.3037322 0.0011302975
3.3053229 0.00085260845
3.3069135 0.00061670413
3.3085041 0.00069069712
3.3100947 0.0010846324
3.3116854 0.0015099451
3.313276 0.0016117638
3.3148666 0.001278133
3.3164572 0.00074948327
3.3180479 0.0004214892
3.3196385 0.00050827573
3.3212291 0.00086364897
3.3228197 0.0011220588
3.3244104 0.0010351194
3.326001 0.00070032763
3.3275916 0.00047157017
3.3291823 0.00062741358
3.3307729 0.0010965866
3.3323635 0.0014959641
3.3339541 0.0014588989
3.3355448 0.00096726209
3.3371354 0.00038832465
3.338726 0.00017367811
3.3403166 0.00047688364
3.3419073 0.0010226857
3.3434979 0.0013433523
3.3450885 0.0011775746
3.3466792 0.00068674913
3.3482698 0.00030552103
3.3498604 0.00036332403
3.351451 0.0008086935
3.3530417 0.0012696385
3.3546323 0.0013842843
3.3562229 0.0011041182
3.3578135 0.00070930553
3.3594042 0.0005399473
3.3609948 0.00069673546
3.3625854 0.00097793255
3.364176 0.001093845
3.3657667 0.00094679626
3.3673573 0.00071410194
3.3689479 0.00066336227
3.3705386 0.00088128038
3.3721292 0.0011759355
3.3737198 0.0012479644
3.3753104 0.0009733116
3.3769011 0.00053382975
3.3784917 0.00027011005
3.3800823 0.00038585436
3.3816729 0.00077021421
3.3832636 0.0010981129
3.3848542 0.001116546
3.3864448 0.00085788745
3.3880355 0.00059095682
3.3896261 0.00056150469
3.3912167 0.00076454319
3.3928073 0.000957841
3.394398 0.00090119488
3.3959886 0.00059709735
3.3975792 0.0003067292
3.3991698 0.00032159647
3.4007605 0.00069604373
3.4023511 0.0011837176
3.4039417 0.0014378874
3.4055324 0.0012987529
3.407123 0.00091515284
3.4087136 0.00059977785
3.4103042 0.00055564639
3.4118949 0.00072042035
3.4134855 0.00085909037
3.4150761 0.00080565696
3.4166667 0.00062280788
3.4182574 0.00053295401
3.419848 0.00069162593
3.4214386 0.0010214405
3.4230292 0.0012663077
3.4246199 0.0012181897
3.4262105 0.00090675477
3.4278011 0.00057602333
3.4293918 0.00046916645
3.4309824 0.0006192436
3.432573 0.00083613305
3.4341636 0.00089636072
3.4357543 0.00075458528
3.4373449 0.000578121
3.4389355 0.0005745536
3.4405261 0.00077892495
3.4421168 0.0010065921
3.4437074 0.0010222852
3.445298 0.00076962891
3.4468887 0.00044231687
3.4484793 0.00032064719
3.4500699 0.00051606473
3.4516605 0.00085853697
3.4532512 0.0010377117
3.4548418 0.00087828886
3.4564324 0.00050311847
3.458023 0.00023303362
3.4596137 0.00030726514
3.4612043 0.00067105109
3.4627949 0.0010196408
3.4643855 0.0010606479
3.4659762 0.00076351187
3.4675668 0.00037862882
3.4691574 0.00021534901
3.4707481 0.00038024914
3.4723387 0.00070515119
3.4739293 0.00091738274
3.4755199 0.00088701099
3.4771106 0.00072472096
3.4787012 0.00065042014
3.4802918 0.00076704677
3.4818824 0.00095767969
3.4834731 0.0010023607
3.4850637 0.00080069027
3.4866543 0.00048497944
3.488245 0.00031119121
3.4898356 0.00042507278
3.4914262 0.0007217512
3.4930168 0.00093413315
3.4946075 0.00087385812
3.4961981 0.00060436202
3.4977887 0.00038430346
3.4993793 0.00042961418
3.50097 0.00071111277
3.5025606 0.00097526192
3.5041512 0.00097275583
3.5057419 0.00068806855
3.5073325 0.00035925583
3.5089231 0.00026672594
3.5105137 0.0004806301
3.5121044 0.00079617895
3.513695 0.00091713353
3.5152856 0.00072286207
3.5168762 0.00037805101
3.5184669 0.00018600128
3.5200575 0.00031779
3.5216481 0.00066074663
3.5232387 0.0009206984
3.5248294 0.00088332612
3.52642 0.00059878741
3.5280106 0.00032692455
3.5296013 0.00029869886
3.5311919 0.00051316868
3.5327825 0.00075112713
3.5343731 0.00078509136
3.5359638 0.00058740094
3.5375544 0.00034583318
3.539145 0.00027873611
3.5407356 0.00042785935
3.5423263 0.00062443756
3.5439169 0.00065844918
3.5455075 0.00048829906
3.5470982 0.00028902693
3.5486888 0.00028871471
3.5502794 0.00054402587
3.55187 0.00086813767
3.5534607 0.00098692819
3.5550513 0.00078700156
3.5566419 0.00042849136
3.5582325 0.00021335128
3.5598232 0.0003213797
3.5614138 0.00064962555
3.5630044 0.00090149851
3.564595 0.00084854645
3.5661857 0.00053209086
3.5677763 0.00022518087
3.5693669 0.00019000344
3.5709576 0.00044826031
3.5725482 0.00076809093
3.5741388 0.00087498857
3.5757294 0.0006941757
3.5773201 0.00040797222
3.5789107 0.00028249807
3.5805013 0.00042613676
3.5820919 0.00069899477
3.5836826 0.00084993376
3.5852732 0.00074933269
3.5868638 0.00050249415
3.5884545 0.0003436916
3.5900451 0.00041476376
3.5916357 0.00063598491
3.5932263 0.00078696804
3.594817 0.00071793296
3.5964076 0.00049123499
3.5979982 0.00032057486
3.5995888 0.00036622872
3.6011795 0.0005800459
3.6027701 0.00074746336
3.6043607 0.00068890845
3.6059513 0.00043242463
3.607542 0.00019425164
3.6091326 0.00018232159
3.6107232 0.00040381515
3.6123139 0.00065667379
3.6139045 0.00071565443
3.6154951 0.00054206711
3.6170857 0.00032161105
3.6186764 0.00029177147
3.620267 0.00051563128
3.6218576 0.00081197176
3.6234482 0.00091103688
3.6250389 0.00069833641
3.6266295 0.0003251633
3.6282201 8.250768e-05
3.6298108 0.00014879278
3.6314014 0.00043689653
3.632992 0.00067692758
3.6345826 0.00065864958
3.6361733 0.00041445033
3.6377639 0.0001799434
3.6393545 0.00017254245
3.6409451 0.00039279881
3.6425358 0.00062946438
3.6441264 0.00066042154
3.645717 0.00046177665
3.6473077 0.00023127511
3.6488983 0.00020441672
3.6504889 0.00043320869
3.6520795 0.00073220822
3.6536702 0.00084280816
3.6552608 0.00066620095
3.6568514 0.00035237272
3.658442 0.00016442843
3.6600327 0.0002429429
3.6616233 0.00048528344
3.6632139 0.00064779036
3.6648045 0.00057368656
3.6663952 0.00033550423
3.6679858 0.00016201582
3.6695764 0.00022016837
3.6711671 0.00045661011
3.6727577 0.00064717607
3.6743483 0.00060849536
3.6759389 0.00037387167
3.6775296 0.00016724192
3.6791202 0.0001960147
3.6807108 0.00045332732
3.6823014 0.00071488457
3.6838921 0.00073811531
3.6854827 0.00048418837
3.6870733 0.00015927427
3.688664 3.4337761e-05
3.6902546 0.00020473363
3.6918452 0.00050698364
3.6934358 0.00066807084
3.6950265 0.00055144562
3.6966171 0.00027643324
3.6982077 0.00010388036
3.6997983 0.00019446349
3.701389 0.00046171959
3.7029796 0.0006539116
3.7045702 0.00058824167
3.7061608 0.00032101064
3.7077515 9.6524101e-05
3.7093421 0.00012148463
3.7109327 0.00037284994
3.7125234 0.00061715818
3.714114 0.00062506945
3.7157046 0.00038447455
3.7172952 0.00011512424
3.7188859 6.8829078e-05
3.7204765 0.00029663799
3.7220671 0.00059689598
3.7236577 0.00069465483
3.7252484 0.00049172247
3.726839 0.00016033728
3.7284296 -6.5963579e-06
3.7300203 0.00014413251
3.7316109 0.00048846676
3.7332015 0.00073364451
3.7347921 0.00067532161
3.7363828 0.0003735127
3.7379734 9.2646262e-05
3.739564 6.3776476e-05
3.7411546 0.00028442405
3.7427453 0.00053284266
3.7443359 0.00057691424
3.7459265 0.0003836193
3.7475172 0.00014009408
3.7491078 7.334431e-05
3.7506984 0.0002392614
3.752289 0.00047532461
3.7538797 0.00055671235
3.7554703 0.00040740617
3.7570609 0.00016959986
3.7586515 6.8708771e-05
3.7602422 0.00020160768
3.7618328 0.00044594455
3.7634234 0.00057457524
3.765014 0.0004680097
3.7666047 0.00022680195
3.7681953 7.8990671e-05
3.7697859 0.00016815764
3.7713766 0.00041871386
3.7729672 0.00060378961
3.7745578 0.00055359659
3.7761484 0.00031194022
3.7777391 9.6222486e-05
3.7793297 9.7789823e-05
3.7809203 0.00030700259
3.7825109 0.0005244358
3.7841016 0.00054729773
3.7856922 0.00035786767
3.7872828 0.00013887571
3.7888735 0.00010139551
3.7904641 0.00028545663
3.7920547 0.00052004081
3.7936453 0.00058182965
3.795236 0.00040656193
3.7968266 0.00015531141
3.7984172 6.9977504e-05
3.8000078 0.00024770433
3.8015985 0.00054245995
3.8031891 0.00068904929
3.8047797 0.00054161755
3.8063703 0.00021095484
3.807961 -2.6976083e-05
3.8095516 2.7142673e-05
3.8111422 0.00031957987
3.8127329 0.00059136933
3.8143235 0.00060823223
3.8159141 0.00036690071
3.8175047 9.3770543e-05
3.8190954 3.8963954e-05
3.820686 0.00025222879
3.8222766 0.00054143285
3.8238672 0.00064815049
3.8254579 0.00047955042
3.8270485 0.0001878166
3.8286391 2.9006617e-05
3.8302298 0.00013290181
3.8318204 0.00039275822
3.833411 0.00057098685
3.8350016 0.00051921339
3.8365923 0.00030969813
3.8381829 0.00016035154
3.8397735 0.00022672534
3.8413641 0.0004551513
3.8429548 0.00063215573
3.8445454 0.00058290121
3.846136 0.00033447617
3.8477266 9.3556477e-05
3.8493173 5.964017e-05
3.8509079 0.0002457836
3.8524985 0.00047041748
3.8540892 0.00052560574
3.8556798 0.00036570195
3.8572704 0.00014388832
3.858861 6.6049821e-05
3.8604517 0.00019958966
3.8620423 0.00041414649
3.8636329 0.00050689618
3.8652235 0.00039357572
3.8668142 0.00018655812
3.8684048 8.774261e-05
3.8699954 0.00019701039
3.8715861 0.00041568404
3.8731767 0.00053598305
3.8747673 0.00043423946
3.8763579 0.000188521
3.8779486 1.0560113e-05
3.8795392 5.3545479e-05
3.8811298 0.00027249168
3.8827204 0.00046583426
3.8843111 0.00045987173
3.8859017 0.00026606756
3.8874923 6.672375e-05
3.889083 4.3525051e-05
3.8906736 0.00020876337
3.8922642 0.00039608693
3.8938548 0.00041902211
3.8954455 0.00024899082
3.8970361 4.5568818e-05
3.8986267 8.6636371e-06
3.9002173 0.00018876419
3.901808 0.00043273708
3.9033986 0.00051909156
3.9049892 0.00036112219
3.9065798 9.1055881e-05
3.9081705 -5.4930265e-05
3.9097611 5.1235826e-05
3.9113517 0.00031297306
3.9129424 0.00049526399
3.914533 0.00043657234
3.9161236 0.00019433665
3.9177142 -8.200173e-06
3.9193049 1.4654356e-05
3.9208955 0.00024268416
3.9224861 0.0004693873
3.9240767 0.00049092068
3.9256674 0.0002915159
3.927258 5.651285e-05
3.9288486 2.202174e-06
3.9304393 0.00017880428
3.9320299 0.00042637774
3.9336205 0.00052251265
3.9352111 0.00038514812
3.9368018 0.00014462861
3.9383924 2.0522528e-05
3.939983 0.00011839143
3.9415736 0.00033431577
3.9431643 0.00045437294
3.9447549 0.00035584789
3.9463455 0.00012329035
3.9479361 -2.8254349e-05
3.9495268 4.809697e-05
3.9511174 0.00029436234
3.952708 0.00049966048
3.9542987 0.0004931265
3.9558893 0.0002995094
3.9574799 0.00011339978
3.9590705 0.00011581256
3.9606612 0.00030331822
3.9622518 0.00048927495
3.9638424 0.00047786836
3.965433 0.00025073201
3.9670237 -8.0084891e-06
3.9686143 -7.5021075e-05
3.9702049 0.00010797907
3.9717956 0.00037669035
3.9733862 0.00048895891
3.9749768 0.00034250407
3.9765674 6.8005457e-05
3.9781581 -8.8263328e-05
3.9797487 1.2976636e-05
3.9813393 0.0002777067
3.9829299 0.00046336672
3.9845206 0.00039813469
3.9861112 0.00013622737
3.9877018 -9.1017661e-05
3.9892925 -8.322813e-05
3.9908831 0.00015048132
3.9924737 0.00040311227
3.9940643 0.00045863822
3.995655 0.00028507227
3.9972456 5.7200499e-05
3.9988362 -8.5111316e-06
