# x         y           z
0.0000e+00  3.1422e+02  0.0000e+00
1.0000e+00  3.1263e+02  0.0000e+00
2.0000e+00  3.0791e+02  0.0000e+00
3.0000e+00  3.0019e+02  0.0000e+00
4.0000e+00  2.8965e+02  0.0000e+00
5.0000e+00  2.7658e+02  0.0000e+00
6.0000e+00  2.6130e+02  0.0000e+00
7.0000e+00  2.4417e+02  0.0000e+00
8.0000e+00  2.2559e+02  0.0000e+00
9.0000e+00  2.0596e+02  0.0000e+00
1.0000e+01  1.8568e+02  0.0000e+00
1.1000e+01  1.6514e+02  0.0000e+00
1.2000e+01  1.4469e+02  0.0000e+00
1.3000e+01  1.2464e+02  0.0000e+00
1.4000e+01  1.0529e+02  0.0000e+00
1.5000e+01  8.6844e+01  0.0000e+00
1.6000e+01  6.9496e+01  0.0000e+00
1.7000e+01  5.3377e+01  0.0000e+00
1.8000e+01  3.8574e+01  0.0000e+00
1.9000e+01  2.5134e+01  0.0000e+00
2.0000e+01  1.3069e+01  0.0000e+00
2.1000e+01  2.3532e+00  0.0000e+00
2.2000e+01  -7.0616e+00 0.0000e+00
2.3000e+01  -1.5248e+01 0.0000e+00
2.4000e+01  -2.2297e+01 0.0000e+00
2.5000e+01  -2.8310e+01 0.0000e+00
2.6000e+01  -3.3399e+01 0.0000e+00
2.7000e+01  -3.7679e+01 0.0000e+00
2.8000e+01  -4.1266e+01 0.0000e+00
2.9000e+01  -4.4274e+01 0.0000e+00
3.0000e+01  -4.6810e+01 0.0000e+00
3.1000e+01  -4.8971e+01 0.0000e+00
3.2000e+01  -5.0844e+01 0.0000e+00
3.3000e+01  -5.2504e+01 0.0000e+00
3.4000e+01  -5.4011e+01 0.0000e+00
3.5000e+01  -5.5410e+01 0.0000e+00
3.6000e+01  -5.6732e+01 0.0000e+00
3.7000e+01  -5.7996e+01 0.0000e+00
3.8000e+01  -5.9207e+01 0.0000e+00
3.9000e+01  -6.0361e+01 0.0000e+00
4.0000e+01  -6.1445e+01 0.0000e+00
4.1000e+01  -6.2439e+01 0.0000e+00
4.2000e+01  -6.3321e+01 0.0000e+00
4.3000e+01  -6.4065e+01 0.0000e+00
4.4000e+01  -6.4645e+01 0.0000e+00
4.5000e+01  -6.5037e+01 0.0000e+00
4.6000e+01  -6.5219e+01 0.0000e+00
4.7000e+01  -6.5173e+01 0.0000e+00
4.8000e+01  -6.4884e+01 0.0000e+00
4.9000e+01  -6.4343e+01 0.0000e+00
5.0000e+01  -6.3546e+01 0.0000e+00
5.1000e+01  -6.2493e+01 0.0000e+00
5.2000e+01  -6.1192e+01 0.0000e+00
5.3000e+01  -5.9653e+01 0.0000e+00
5.4000e+01  -5.7893e+01 0.0000e+00
5.5000e+01  -5.5934e+01 0.0000e+00
5.6000e+01  -5.3801e+01 0.0000e+00
5.7000e+01  -5.1522e+01 0.0000e+00
5.8000e+01  -4.9131e+01 0.0000e+00
5.9000e+01  -4.6659e+01 0.0000e+00
6.0000e+01  -4.4141e+01 0.0000e+00
6.1000e+01  -4.1609e+01 0.0000e+00
6.2000e+01  -3.9096e+01 0.0000e+00
6.3000e+01  -3.6629e+01 0.0000e+00
6.4000e+01  -3.4235e+01 0.0000e+00
6.5000e+01  -3.1934e+01 0.0000e+00
6.6000e+01  -2.9743e+01 0.0000e+00
6.7000e+01  -2.7676e+01 0.0000e+00
6.8000e+01  -2.5740e+01 0.0000e+00
6.9000e+01  -2.3940e+01 0.0000e+00
7.0000e+01  -2.2279e+01 0.0000e+00
7.1000e+01  -2.0754e+01 0.0000e+00
7.2000e+01  -1.9363e+01 0.0000e+00
7.3000e+01  -1.8101e+01 0.0000e+00
7.4000e+01  -1.6963e+01 0.0000e+00
7.5000e+01  -1.5945e+01 0.0000e+00
7.6000e+01  -1.5039e+01 0.0000e+00
7.7000e+01  -1.4241e+01 0.0000e+00
7.8000e+01  -1.3546e+01 0.0000e+00
7.9000e+01  -1.2948e+01 0.0000e+00
8.0000e+01  -1.2443e+01 0.0000e+00
8.1000e+01  -1.2027e+01 0.0000e+00
8.2000e+01  -1.1697e+01 0.0000e+00
8.3000e+01  -1.1449e+01 0.0000e+00
8.4000e+01  -1.1281e+01 0.0000e+00
8.5000e+01  -1.1191e+01 0.0000e+00
8.6000e+01  -1.1177e+01 0.0000e+00
8.7000e+01  -1.1239e+01 0.0000e+00
8.8000e+01  -1.1375e+01 0.0000e+00
8.9000e+01  -1.1585e+01 0.0000e+00
9.0000e+01  -1.1868e+01 0.0000e+00
9.1000e+01  -1.2221e+01 0.0000e+00
9.2000e+01  -1.2641e+01 0.0000e+00
9.3000e+01  -1.3123e+01 0.0000e+00
9.4000e+01  -1.3662e+01 0.0000e+00
9.5000e+01  -1.4250e+01 0.0000e+00
9.6000e+01  -1.4877e+01 0.0000e+00
9.7000e+01  -1.5533e+01 0.0000e+00
9.8000e+01  -1.6204e+01 0.0000e+00
9.9000e+01  -1.6878e+01 0.0000e+00
1.0000e+02  -1.7542e+01 0.0000e+00
1.0100e+02  -1.8181e+01 0.0000e+00
1.0200e+02  -1.8783e+01 0.0000e+00
1.0300e+02  -1.9335e+01 0.0000e+00
1.0400e+02  -1.9827e+01 0.0000e+00
1.0500e+02  -2.0248e+01 0.0000e+00
1.0600e+02  -2.0591e+01 0.0000e+00
1.0700e+02  -2.0849e+01 0.0000e+00
1.0800e+02  -2.1017e+01 0.0000e+00
1.0900e+02  -2.1093e+01 0.0000e+00
1.1000e+02  -2.1075e+01 0.0000e+00
1.1100e+02  -2.0963e+01 0.0000e+00
1.1200e+02  -2.0760e+01 0.0000e+00
1.1300e+02  -2.0470e+01 0.0000e+00
1.1400e+02  -2.0097e+01 0.0000e+00
1.1500e+02  -1.9649e+01 0.0000e+00
1.1600e+02  -1.9133e+01 0.0000e+00
1.1700e+02  -1.8559e+01 0.0000e+00
1.1800e+02  -1.7935e+01 0.0000e+00
1.1900e+02  -1.7273e+01 0.0000e+00
1.2000e+02  -1.6583e+01 0.0000e+00
1.2100e+02  -1.5875e+01 0.0000e+00
1.2200e+02  -1.5159e+01 0.0000e+00
1.2300e+02  -1.4442e+01 0.0000e+00
1.2400e+02  -1.3731e+01 0.0000e+00
1.2500e+02  -1.3033e+01 0.0000e+00
1.2600e+02  -1.2351e+01 0.0000e+00
1.2700e+02  -1.1688e+01 0.0000e+00
1.2800e+02  -1.1045e+01 0.0000e+00
1.2900e+02  -1.0421e+01 0.0000e+00
1.3000e+02  -9.8159e+00 0.0000e+00
1.3100e+02  -9.2279e+00 0.0000e+00
1.3200e+02  -8.6553e+00 0.0000e+00
1.3300e+02  -8.0963e+00 0.0000e+00
1.3400e+02  -7.5495e+00 0.0000e+00
1.3500e+02  -7.0137e+00 0.0000e+00
1.3600e+02  -6.4882e+00 0.0000e+00
1.3700e+02  -5.9729e+00 0.0000e+00
1.3800e+02  -5.4681e+00 0.0000e+00
1.3900e+02  -4.9747e+00 0.0000e+00
1.4000e+02  -4.4941e+00 0.0000e+00
1.4100e+02  -4.0281e+00 0.0000e+00
1.4200e+02  -3.5788e+00 0.0000e+00
1.4300e+02  -3.1490e+00 0.0000e+00
1.4400e+02  -2.7416e+00 0.0000e+00
1.4500e+02  -2.3599e+00 0.0000e+00
1.4600e+02  -2.0076e+00 0.0000e+00
1.4700e+02  -1.6884e+00 0.0000e+00
1.4800e+02  -1.4059e+00 0.0000e+00
1.4900e+02  -1.1635e+00 0.0000e+00
1.5000e+02  -9.6429e-01 0.0000e+00
1.5100e+02  -8.1034e-01 0.0000e+00
1.5200e+02  -7.0289e-01 0.0000e+00
1.5300e+02  -6.4200e-01 0.0000e+00
1.5400e+02  -6.2639e-01 0.0000e+00
1.5500e+02  -6.5341e-01 0.0000e+00
1.5600e+02  -7.1910e-01 0.0000e+00
1.5700e+02  -8.1827e-01 0.0000e+00
1.5800e+02  -9.4479e-01 0.0000e+00
1.5900e+02  -1.0918e+00 0.0000e+00
1.6000e+02  -1.2522e+00 0.0000e+00
1.6100e+02  -1.4186e+00 0.0000e+00
1.6200e+02  -1.5842e+00 0.0000e+00
1.6300e+02  -1.7426e+00 0.0000e+00
1.6400e+02  -1.8883e+00 0.0000e+00
1.6500e+02  -2.0166e+00 0.0000e+00
1.6600e+02  -2.1239e+00 0.0000e+00
1.6700e+02  -2.2077e+00 0.0000e+00
1.6800e+02  -2.2664e+00 0.0000e+00
1.6900e+02  -2.2994e+00 0.0000e+00
1.7000e+02  -2.3070e+00 0.0000e+00
1.7100e+02  -2.2904e+00 0.0000e+00
1.7200e+02  -2.2512e+00 0.0000e+00
1.7300e+02  -2.1921e+00 0.0000e+00
1.7400e+02  -2.1162e+00 0.0000e+00
1.7500e+02  -2.0269e+00 0.0000e+00
1.7600e+02  -1.9284e+00 0.0000e+00
1.7700e+02  -1.8249e+00 0.0000e+00
1.7800e+02  -1.7210e+00 0.0000e+00
1.7900e+02  -1.6210e+00 0.0000e+00
1.8000e+02  -1.5291e+00 0.0000e+00
1.8100e+02  -1.4490e+00 0.0000e+00
1.8200e+02  -1.3837e+00 0.0000e+00
1.8300e+02  -1.3350e+00 0.0000e+00
1.8400e+02  -1.3039e+00 0.0000e+00
1.8500e+02  -1.2902e+00 0.0000e+00
1.8600e+02  -1.2923e+00 0.0000e+00
1.8700e+02  -1.3075e+00 0.0000e+00
1.8800e+02  -1.3324e+00 0.0000e+00
1.8900e+02  -1.3623e+00 0.0000e+00
1.9000e+02  -1.3923e+00 0.0000e+00
1.9100e+02  -1.4172e+00 0.0000e+00
1.9200e+02  -1.4315e+00 0.0000e+00
1.9300e+02  -1.4302e+00 0.0000e+00
1.9400e+02  -1.4088e+00 0.0000e+00
1.9500e+02  -1.3634e+00 0.0000e+00
1.9600e+02  -1.2905e+00 0.0000e+00
1.9700e+02  -1.1880e+00 0.0000e+00
1.9800e+02  -1.0541e+00 0.0000e+00
1.9900e+02  -8.8829e-01 0.0000e+00
2.0000e+02  -6.9049e-01 0.0000e+00
2.0100e+02  -4.6161e-01 0.0000e+00
2.0200e+02  -2.0326e-01 0.0000e+00
2.0300e+02  8.2239e-02  0.0000e+00
2.0400e+02  3.9188e-01  0.0000e+00
2.0500e+02  7.2200e-01  0.0000e+00
2.0600e+02  1.0683e+00  0.0000e+00
2.0700e+02  1.4261e+00  0.0000e+00
2.0800e+02  1.7901e+00  0.0000e+00
2.0900e+02  2.1548e+00  0.0000e+00
2.1000e+02  2.5145e+00  0.0000e+00
2.1100e+02  2.8636e+00  0.0000e+00
2.1200e+02  3.1966e+00  0.0000e+00
2.1300e+02  3.5086e+00  0.0000e+00
2.1400e+02  3.7950e+00  0.0000e+00
2.1500e+02  4.0519e+00  0.0000e+00
2.1600e+02  4.2764e+00  0.0000e+00
2.1700e+02  4.4661e+00  0.0000e+00
2.1800e+02  4.6197e+00  0.0000e+00
2.1900e+02  4.7363e+00  0.0000e+00
2.2000e+02  4.8161e+00  0.0000e+00
2.2100e+02  4.8594e+00  0.0000e+00
2.2200e+02  4.8673e+00  0.0000e+00
2.2300e+02  4.8413e+00  0.0000e+00
2.2400e+02  4.7829e+00  0.0000e+00
2.2500e+02  4.6941e+00  0.0000e+00
2.2600e+02  4.5768e+00  0.0000e+00
2.2700e+02  4.4334e+00  0.0000e+00
2.2800e+02  4.2659e+00  0.0000e+00
2.2900e+02  4.0769e+00  0.0000e+00
2.3000e+02  3.8686e+00  0.0000e+00
2.3100e+02  3.6436e+00  0.0000e+00
2.3200e+02  3.4041e+00  0.0000e+00
2.3300e+02  3.1527e+00  0.0000e+00
2.3400e+02  2.8914e+00  0.0000e+00
2.3500e+02  2.6224e+00  0.0000e+00
2.3600e+02  2.3475e+00  0.0000e+00
2.3700e+02  2.0685e+00  0.0000e+00
2.3800e+02  1.7869e+00  0.0000e+00
2.3900e+02  1.5044e+00  0.0000e+00
2.4000e+02  1.2222e+00  0.0000e+00
2.4100e+02  9.4196e-01  0.0000e+00
2.4200e+02  6.6539e-01  0.0000e+00
2.4300e+02  3.9441e-01  0.0000e+00
2.4400e+02  1.3122e-01  0.0000e+00
2.4500e+02  -1.2166e-01 0.0000e+00
2.4600e+02  -3.6146e-01 0.0000e+00
2.4700e+02  -5.8519e-01 0.0000e+00
2.4800e+02  -7.8982e-01 0.0000e+00
2.4900e+02  -9.7237e-01 0.0000e+00
2.5000e+02  -1.1301e+00 0.0000e+00
2.5100e+02  -1.2606e+00 0.0000e+00
2.5200e+02  -1.3622e+00 0.0000e+00
2.5300e+02  -1.4336e+00 0.0000e+00
2.5400e+02  -1.4746e+00 0.0000e+00
2.5500e+02  -1.4855e+00 0.0000e+00
2.5600e+02  -1.4674e+00 0.0000e+00
2.5700e+02  -1.4222e+00 0.0000e+00
2.5800e+02  -1.3522e+00 0.0000e+00
2.5900e+02  -1.2603e+00 0.0000e+00
2.6000e+02  -1.1497e+00 0.0000e+00
2.6100e+02  -1.0238e+00 0.0000e+00
2.6200e+02  -8.8575e-01 0.0000e+00
2.6300e+02  -7.3898e-01 0.0000e+00
2.6400e+02  -5.8652e-01 0.0000e+00
2.6500e+02  -4.3121e-01 0.0000e+00
2.6600e+02  -2.7555e-01 0.0000e+00
2.6700e+02  -1.2168e-01 0.0000e+00
2.6800e+02  2.8651e-02  0.0000e+00
2.6900e+02  1.7411e-01  0.0000e+00
2.7000e+02  3.1379e-01  0.0000e+00
2.7100e+02  4.4718e-01  0.0000e+00
2.7200e+02  5.7418e-01  0.0000e+00
2.7300e+02  6.9508e-01  0.0000e+00
2.7400e+02  8.1050e-01  0.0000e+00
2.7500e+02  9.2131e-01  0.0000e+00
2.7600e+02  1.0286e+00  0.0000e+00
2.7700e+02  1.1336e+00  0.0000e+00
2.7800e+02  1.2374e+00  0.0000e+00
2.7900e+02  1.3411e+00  0.0000e+00
2.8000e+02  1.4455e+00  0.0000e+00
2.8100e+02  1.5514e+00  0.0000e+00
2.8200e+02  1.6587e+00  0.0000e+00
2.8300e+02  1.7674e+00  0.0000e+00
2.8400e+02  1.8767e+00  0.0000e+00
2.8500e+02  1.9857e+00  0.0000e+00
2.8600e+02  2.0929e+00  0.0000e+00
2.8700e+02  2.1967e+00  0.0000e+00
2.8800e+02  2.2949e+00  0.0000e+00
2.8900e+02  2.3855e+00  0.0000e+00
2.9000e+02  2.4663e+00  0.0000e+00
2.9100e+02  2.5349e+00  0.0000e+00
2.9200e+02  2.5893e+00  0.0000e+00
2.9300e+02  2.6273e+00  0.0000e+00
2.9400e+02  2.6470e+00  0.0000e+00
2.9500e+02  2.6469e+00  0.0000e+00
2.9600e+02  2.6254e+00  0.0000e+00
2.9700e+02  2.5818e+00  0.0000e+00
2.9800e+02  2.5154e+00  0.0000e+00
2.9900e+02  2.4261e+00  0.0000e+00
3.0000e+02  2.3146e+00  0.0000e+00
3.0100e+02  2.1819e+00  0.0000e+00
3.0200e+02  2.0296e+00  0.0000e+00
3.0300e+02  1.8601e+00  0.0000e+00
3.0400e+02  1.6762e+00  0.0000e+00
3.0500e+02  1.4813e+00  0.0000e+00
3.0600e+02  1.2790e+00  0.0000e+00
3.0700e+02  1.0732e+00  0.0000e+00
3.0800e+02  8.6794e-01  0.0000e+00
3.0900e+02  6.6702e-01  0.0000e+00
3.1000e+02  4.7408e-01  0.0000e+00
3.1100e+02  2.9234e-01  0.0000e+00
3.1200e+02  1.2452e-01  0.0000e+00
3.1300e+02  -2.7231e-02 0.0000e+00
3.1400e+02  -1.6140e-01 0.0000e+00
3.1500e+02  -2.7707e-01 0.0000e+00
3.1600e+02  -3.7392e-01 0.0000e+00
3.1700e+02  -4.5216e-01 0.0000e+00
3.1800e+02  -5.1248e-01 0.0000e+00
3.1900e+02  -5.5596e-01 0.0000e+00
3.2000e+02  -5.8398e-01 0.0000e+00
3.2100e+02  -5.9820e-01 0.0000e+00
3.2200e+02  -6.0047e-01 0.0000e+00
3.2300e+02  -5.9279e-01 0.0000e+00
3.2400e+02  -5.7726e-01 0.0000e+00
3.2500e+02  -5.5602e-01 0.0000e+00
3.2600e+02  -5.3120e-01 0.0000e+00
3.2700e+02  -5.0486e-01 0.0000e+00
3.2800e+02  -4.7892e-01 0.0000e+00
3.2900e+02  -4.5507e-01 0.0000e+00
3.3000e+02  -4.3469e-01 0.0000e+00
3.3100e+02  -4.1880e-01 0.0000e+00
3.3200e+02  -4.0799e-01 0.0000e+00
3.3300e+02  -4.0239e-01 0.0000e+00
3.3400e+02  -4.0169e-01 0.0000e+00
3.3500e+02  -4.0518e-01 0.0000e+00
3.3600e+02  -4.1180e-01 0.0000e+00
3.3700e+02  -4.2028e-01 0.0000e+00
3.3800e+02  -4.2925e-01 0.0000e+00
3.3900e+02  -4.3739e-01 0.0000e+00
3.4000e+02  -4.4356e-01 0.0000e+00
3.4100e+02  -4.4689e-01 0.0000e+00
3.4200e+02  -4.4691e-01 0.0000e+00
3.4300e+02  -4.4357e-01 0.0000e+00
3.4400e+02  -4.3728e-01 0.0000e+00
3.4500e+02  -4.2887e-01 0.0000e+00
3.4600e+02  -4.1951e-01 0.0000e+00
3.4700e+02  -4.1069e-01 0.0000e+00
3.4800e+02  -4.0410e-01 0.0000e+00
3.4900e+02  -4.0154e-01 0.0000e+00
3.5000e+02  -4.0484e-01 0.0000e+00
3.5100e+02  -4.1583e-01 0.0000e+00
3.5200e+02  -4.3624e-01 0.0000e+00
3.5300e+02  -4.6771e-01 0.0000e+00
3.5400e+02  -5.1173e-01 0.0000e+00
3.5500e+02  -5.6964e-01 0.0000e+00
3.5600e+02  -6.4259e-01 0.0000e+00
3.5700e+02  -7.3150e-01 0.0000e+00
3.5800e+02  -8.3700e-01 0.0000e+00
3.5900e+02  -9.5938e-01 0.0000e+00
3.6000e+02  -1.0985e+00 0.0000e+00
3.6100e+02  -1.2536e+00 0.0000e+00
3.6200e+02  -1.4235e+00 0.0000e+00
3.6300e+02  -1.6063e+00 0.0000e+00
3.6400e+02  -1.7995e+00 0.0000e+00
3.6500e+02  -1.9997e+00 0.0000e+00
3.6600e+02  -2.2033e+00 0.0000e+00
3.6700e+02  -2.4060e+00 0.0000e+00
3.6800e+02  -2.6031e+00 0.0000e+00
3.6900e+02  -2.7900e+00 0.0000e+00
3.7000e+02  -2.9621e+00 0.0000e+00
3.7100e+02  -3.1147e+00 0.0000e+00
3.7200e+02  -3.2439e+00 0.0000e+00
3.7300e+02  -3.3461e+00 0.0000e+00
3.7400e+02  -3.4186e+00 0.0000e+00
3.7500e+02  -3.4593e+00 0.0000e+00
3.7600e+02  -3.4667e+00 0.0000e+00
3.7700e+02  -3.4404e+00 0.0000e+00
3.7800e+02  -3.3806e+00 0.0000e+00
3.7900e+02  -3.2881e+00 0.0000e+00
3.8000e+02  -3.1644e+00 0.0000e+00
3.8100e+02  -3.0115e+00 0.0000e+00
3.8200e+02  -2.8319e+00 0.0000e+00
3.8300e+02  -2.6283e+00 0.0000e+00
3.8400e+02  -2.4040e+00 0.0000e+00
3.8500e+02  -2.1623e+00 0.0000e+00
3.8600e+02  -1.9069e+00 0.0000e+00
3.8700e+02  -1.6413e+00 0.0000e+00
3.8800e+02  -1.3693e+00 0.0000e+00
3.8900e+02  -1.0946e+00 0.0000e+00
3.9000e+02  -8.2079e-01 0.0000e+00
3.9100e+02  -5.5113e-01 0.0000e+00
3.9200e+02  -2.8876e-01 0.0000e+00
3.9300e+02  -3.6508e-02 0.0000e+00
3.9400e+02  2.0316e-01  0.0000e+00
3.9500e+02  4.2811e-01  0.0000e+00
3.9600e+02  6.3649e-01  0.0000e+00
3.9700e+02  8.2676e-01  0.0000e+00
3.9800e+02  9.9760e-01  0.0000e+00
3.9900e+02  1.1478e+00  0.0000e+00
4.0000e+02  1.2764e+00  0.0000e+00
4.0100e+02  1.3823e+00  0.0000e+00
4.0200e+02  1.4647e+00  0.0000e+00
4.0300e+02  1.5226e+00  0.0000e+00
4.0400e+02  1.5552e+00  0.0000e+00
4.0500e+02  1.5619e+00  0.0000e+00
4.0600e+02  1.5422e+00  0.0000e+00
4.0700e+02  1.4958e+00  0.0000e+00
4.0800e+02  1.4230e+00  0.0000e+00
4.0900e+02  1.3242e+00  0.0000e+00
4.1000e+02  1.2003e+00  0.0000e+00
4.1100e+02  1.0528e+00  0.0000e+00
4.1200e+02  8.8331e-01  0.0000e+00
4.1300e+02  6.9398e-01  0.0000e+00
4.1400e+02  4.8714e-01  0.0000e+00
4.1500e+02  2.6529e-01  0.0000e+00
4.1600e+02  3.1061e-02  0.0000e+00
4.1700e+02  -2.1291e-01 0.0000e+00
4.1800e+02  -4.6402e-01 0.0000e+00
4.1900e+02  -7.1969e-01 0.0000e+00
4.2000e+02  -9.7743e-01 0.0000e+00
4.2100e+02  -1.2348e+00 0.0000e+00
4.2200e+02  -1.4893e+00 0.0000e+00
4.2300e+02  -1.7385e+00 0.0000e+00
4.2400e+02  -1.9799e+00 0.0000e+00
4.2500e+02  -2.2109e+00 0.0000e+00
4.2600e+02  -2.4289e+00 0.0000e+00
4.2700e+02  -2.6312e+00 0.0000e+00
4.2800e+02  -2.8151e+00 0.0000e+00
4.2900e+02  -2.9782e+00 0.0000e+00
4.3000e+02  -3.1179e+00 0.0000e+00
4.3100e+02  -3.2321e+00 0.0000e+00
4.3200e+02  -3.3191e+00 0.0000e+00
4.3300e+02  -3.3774e+00 0.0000e+00
4.3400e+02  -3.4060e+00 0.0000e+00
4.3500e+02  -3.4044e+00 0.0000e+00
4.3600e+02  -3.3729e+00 0.0000e+00
4.3700e+02  -3.3118e+00 0.0000e+00
4.3800e+02  -3.2224e+00 0.0000e+00
4.3900e+02  -3.1063e+00 0.0000e+00
4.4000e+02  -2.9656e+00 0.0000e+00
4.4100e+02  -2.8028e+00 0.0000e+00
4.4200e+02  -2.6209e+00 0.0000e+00
4.4300e+02  -2.4234e+00 0.0000e+00
4.4400e+02  -2.2140e+00 0.0000e+00
4.4500e+02  -1.9968e+00 0.0000e+00
4.4600e+02  -1.7759e+00 0.0000e+00
4.4700e+02  -1.5556e+00 0.0000e+00
4.4800e+02  -1.3401e+00 0.0000e+00
4.4900e+02  -1.1333e+00 0.0000e+00
4.5000e+02  -9.3877e-01 0.0000e+00
4.5100e+02  -7.5931e-01 0.0000e+00
4.5200e+02  -5.9701e-01 0.0000e+00
4.5300e+02  -4.5303e-01 0.0000e+00
4.5400e+02  -3.2748e-01 0.0000e+00
4.5500e+02  -2.1943e-01 0.0000e+00
4.5600e+02  -1.2694e-01 0.0000e+00
4.5700e+02  -4.7125e-02 0.0000e+00
4.5800e+02  2.3668e-02  0.0000e+00
4.5900e+02  8.9650e-02  0.0000e+00
4.6000e+02  1.5535e-01  0.0000e+00
4.6100e+02  2.2536e-01  0.0000e+00
4.6200e+02  3.0406e-01  0.0000e+00
4.6300e+02  3.9541e-01  0.0000e+00
4.6400e+02  5.0272e-01  0.0000e+00
4.6500e+02  6.2850e-01  0.0000e+00
4.6600e+02  7.7436e-01  0.0000e+00
4.6700e+02  9.4097e-01  0.0000e+00
4.6800e+02  1.1280e+00  0.0000e+00
4.6900e+02  1.3343e+00  0.0000e+00
4.7000e+02  1.5576e+00  0.0000e+00
4.7100e+02  1.7952e+00  0.0000e+00
4.7200e+02  2.0435e+00  0.0000e+00
4.7300e+02  2.2984e+00  0.0000e+00
4.7400e+02  2.5554e+00  0.0000e+00
4.7500e+02  2.8097e+00  0.0000e+00
4.7600e+02  3.0563e+00  0.0000e+00
4.7700e+02  3.2903e+00  0.0000e+00
4.7800e+02  3.5069e+00  0.0000e+00
4.7900e+02  3.7014e+00  0.0000e+00
4.8000e+02  3.8700e+00  0.0000e+00
4.8100e+02  4.0091e+00  0.0000e+00
4.8200e+02  4.1163e+00  0.0000e+00
4.8300e+02  4.1897e+00  0.0000e+00
4.8400e+02  4.2287e+00  0.0000e+00
4.8500e+02  4.2337e+00  0.0000e+00
4.8600e+02  4.2060e+00  0.0000e+00
4.8700e+02  4.1481e+00  0.0000e+00
4.8800e+02  4.0631e+00  0.0000e+00
4.8900e+02  3.9549e+00  0.0000e+00
4.9000e+02  3.8281e+00  0.0000e+00
4.9100e+02  3.6873e+00  0.0000e+00
4.9200e+02  3.5373e+00  0.0000e+00
4.9300e+02  3.3827e+00  0.0000e+00
4.9400e+02  3.2278e+00  0.0000e+00
4.9500e+02  3.0762e+00  0.0000e+00
4.9600e+02  2.9312e+00  0.0000e+00
4.9700e+02  2.7950e+00  0.0000e+00
4.9800e+02  2.6691e+00  0.0000e+00
4.9900e+02  2.5544e+00  0.0000e+00
5.0000e+02  2.4508e+00  0.0000e+00
5.0100e+02  2.3577e+00  0.0000e+00
5.0200e+02  2.2737e+00  0.0000e+00
5.0300e+02  2.1969e+00  0.0000e+00
5.0400e+02  2.1251e+00  0.0000e+00
5.0500e+02  2.0558e+00  0.0000e+00
5.0600e+02  1.9863e+00  0.0000e+00
5.0700e+02  1.9138e+00  0.0000e+00
5.0800e+02  1.8358e+00  0.0000e+00
5.0900e+02  1.7498e+00  0.0000e+00
5.1000e+02  1.6541e+00  0.0000e+00
5.1100e+02  1.5471e+00  0.0000e+00
5.1200e+02  1.4280e+00  0.0000e+00
5.1300e+02  1.2967e+00  0.0000e+00
5.1400e+02  1.1537e+00  0.0000e+00
5.1500e+02  1.0003e+00  0.0000e+00
5.1600e+02  8.3818e-01  0.0000e+00
5.1700e+02  6.6969e-01  0.0000e+00
5.1800e+02  4.9744e-01  0.0000e+00
5.1900e+02  3.2422e-01  0.0000e+00
5.2000e+02  1.5280e-01  0.0000e+00
5.2100e+02  -1.4232e-02 0.0000e+00
5.2200e+02  -1.7464e-01 0.0000e+00
5.2300e+02  -3.2664e-01 0.0000e+00
5.2400e+02  -4.6897e-01 0.0000e+00
5.2500e+02  -6.0092e-01 0.0000e+00
5.2600e+02  -7.2225e-01 0.0000e+00
5.2700e+02  -8.3319e-01 0.0000e+00
5.2800e+02  -9.3424e-01 0.0000e+00
5.2900e+02  -1.0261e+00 0.0000e+00
5.3000e+02  -1.1094e+00 0.0000e+00
5.3100e+02  -1.1847e+00 0.0000e+00
5.3200e+02  -1.2524e+00 0.0000e+00
5.3300e+02  -1.3127e+00 0.0000e+00
5.3400e+02  -1.3651e+00 0.0000e+00
5.3500e+02  -1.4091e+00 0.0000e+00
5.3600e+02  -1.4439e+00 0.0000e+00
5.3700e+02  -1.4685e+00 0.0000e+00
5.3800e+02  -1.4816e+00 0.0000e+00
5.3900e+02  -1.4822e+00 0.0000e+00
5.4000e+02  -1.4693e+00 0.0000e+00
5.4100e+02  -1.4420e+00 0.0000e+00
5.4200e+02  -1.3998e+00 0.0000e+00
5.4300e+02  -1.3427e+00 0.0000e+00
5.4400e+02  -1.2709e+00 0.0000e+00
5.4500e+02  -1.1851e+00 0.0000e+00
5.4600e+02  -1.0862e+00 0.0000e+00
5.4700e+02  -9.7589e-01 0.0000e+00
5.4800e+02  -8.5576e-01 0.0000e+00
5.4900e+02  -7.2793e-01 0.0000e+00
5.5000e+02  -5.9466e-01 0.0000e+00
5.5100e+02  -4.5840e-01 0.0000e+00
5.5200e+02  -3.2164e-01 0.0000e+00
5.5300e+02  -1.8692e-01 0.0000e+00
5.5400e+02  -5.6667e-02 0.0000e+00
5.5500e+02  6.6843e-02  0.0000e+00
5.5600e+02  1.8158e-01  0.0000e+00
5.5700e+02  2.8581e-01  0.0000e+00
5.5800e+02  3.7819e-01  0.0000e+00
5.5900e+02  4.5778e-01  0.0000e+00
5.6000e+02  5.2408e-01  0.0000e+00
5.6100e+02  5.7701e-01  0.0000e+00
5.6200e+02  6.1688e-01  0.0000e+00
5.6300e+02  6.4436e-01  0.0000e+00
5.6400e+02  6.6039e-01  0.0000e+00
5.6500e+02  6.6608e-01  0.0000e+00
5.6600e+02  6.6267e-01  0.0000e+00
5.6700e+02  6.5139e-01  0.0000e+00
5.6800e+02  6.3342e-01  0.0000e+00
5.6900e+02  6.0983e-01  0.0000e+00
5.7000e+02  5.8153e-01  0.0000e+00
5.7100e+02  5.4930e-01  0.0000e+00
5.7200e+02  5.1378e-01  0.0000e+00
5.7300e+02  4.7550e-01  0.0000e+00
5.7400e+02  4.3497e-01  0.0000e+00
5.7500e+02  3.9269e-01  0.0000e+00
5.7600e+02  3.4922e-01  0.0000e+00
5.7700e+02  3.0526e-01  0.0000e+00
5.7800e+02  2.6162e-01  0.0000e+00
5.7900e+02  2.1928e-01  0.0000e+00
5.8000e+02  1.7936e-01  0.0000e+00
5.8100e+02  1.4308e-01  0.0000e+00
5.8200e+02  1.1171e-01  0.0000e+00
5.8300e+02  8.6539e-02  0.0000e+00
5.8400e+02  6.8737e-02  0.0000e+00
5.8500e+02  5.9318e-02  0.0000e+00
5.8600e+02  5.9039e-02  0.0000e+00
5.8700e+02  6.8319e-02  0.0000e+00
5.8800e+02  8.7171e-02  0.0000e+00
5.8900e+02  1.1515e-01  0.0000e+00
5.9000e+02  1.5129e-01  0.0000e+00
5.9100e+02  1.9413e-01  0.0000e+00
5.9200e+02  2.4168e-01  0.0000e+00
5.9300e+02  2.9148e-01  0.0000e+00
5.9400e+02  3.4063e-01  0.0000e+00
5.9500e+02  3.8595e-01  0.0000e+00
5.9600e+02  4.2404e-01  0.0000e+00
5.9700e+02  4.5149e-01  0.0000e+00
5.9800e+02  4.6500e-01  0.0000e+00
5.9900e+02  4.6164e-01  0.0000e+00
6.0000e+02  4.3897e-01  0.0000e+00
6.0100e+02  3.9527e-01  0.0000e+00
6.0200e+02  3.2967e-01  0.0000e+00
6.0300e+02  2.4227e-01  0.0000e+00
6.0400e+02  1.3423e-01  0.0000e+00
6.0500e+02  7.7216e-03  0.0000e+00
6.0600e+02  -1.3406e-01 0.0000e+00
6.0700e+02  -2.8709e-01 0.0000e+00
6.0800e+02  -4.4664e-01 0.0000e+00
6.0900e+02  -6.0754e-01 0.0000e+00
6.1000e+02  -7.6442e-01 0.0000e+00
6.1100e+02  -9.1202e-01 0.0000e+00
6.1200e+02  -1.0454e+00 0.0000e+00
6.1300e+02  -1.1604e+00 0.0000e+00
6.1400e+02  -1.2533e+00 0.0000e+00
6.1500e+02  -1.3219e+00 0.0000e+00
6.1600e+02  -1.3646e+00 0.0000e+00
6.1700e+02  -1.3811e+00 0.0000e+00
6.1800e+02  -1.3723e+00 0.0000e+00
6.1900e+02  -1.3400e+00 0.0000e+00
6.2000e+02  -1.2867e+00 0.0000e+00
6.2100e+02  -1.2159e+00 0.0000e+00
6.2200e+02  -1.1315e+00 0.0000e+00
6.2300e+02  -1.0376e+00 0.0000e+00
6.2400e+02  -9.3864e-01 0.0000e+00
6.2500e+02  -8.3894e-01 0.0000e+00
6.2600e+02  -7.4265e-01 0.0000e+00
6.2700e+02  -6.5358e-01 0.0000e+00
6.2800e+02  -5.7509e-01 0.0000e+00
6.2900e+02  -5.1002e-01 0.0000e+00
6.3000e+02  -4.6060e-01 0.0000e+00
6.3100e+02  -4.2840e-01 0.0000e+00
6.3200e+02  -4.1431e-01 0.0000e+00
6.3300e+02  -4.1852e-01 0.0000e+00
6.3400e+02  -4.4055e-01 0.0000e+00
6.3500e+02  -4.7925e-01 0.0000e+00
6.3600e+02  -5.3289e-01 0.0000e+00
6.3700e+02  -5.9918e-01 0.0000e+00
6.3800e+02  -6.7542e-01 0.0000e+00
6.3900e+02  -7.5854e-01 0.0000e+00
6.4000e+02  -8.4528e-01 0.0000e+00
6.4100e+02  -9.3223e-01 0.0000e+00
6.4200e+02  -1.0160e+00 0.0000e+00
6.4300e+02  -1.0935e+00 0.0000e+00
6.4400e+02  -1.1616e+00 0.0000e+00
6.4500e+02  -1.2177e+00 0.0000e+00
6.4600e+02  -1.2595e+00 0.0000e+00
6.4700e+02  -1.2853e+00 0.0000e+00
6.4800e+02  -1.2940e+00 0.0000e+00
6.4900e+02  -1.2846e+00 0.0000e+00
6.5000e+02  -1.2572e+00 0.0000e+00
6.5100e+02  -1.2121e+00 0.0000e+00
6.5200e+02  -1.1502e+00 0.0000e+00
6.5300e+02  -1.0731e+00 0.0000e+00
6.5400e+02  -9.8250e-01 0.0000e+00
6.5500e+02  -8.8089e-01 0.0000e+00
6.5600e+02  -7.7094e-01 0.0000e+00
6.5700e+02  -6.5563e-01 0.0000e+00
6.5800e+02  -5.3814e-01 0.0000e+00
6.5900e+02  -4.2177e-01 0.0000e+00
6.6000e+02  -3.0980e-01 0.0000e+00
6.6100e+02  -2.0538e-01 0.0000e+00
6.6200e+02  -1.1141e-01 0.0000e+00
6.6300e+02  -3.0443e-02 0.0000e+00
6.6400e+02  3.5449e-02  0.0000e+00
6.6500e+02  8.4726e-02  0.0000e+00
6.6600e+02  1.1645e-01  0.0000e+00
6.6700e+02  1.3032e-01  0.0000e+00
6.6800e+02  1.2664e-01  0.0000e+00
6.6900e+02  1.0630e-01  0.0000e+00
6.7000e+02  7.0705e-02  0.0000e+00
6.7100e+02  2.1666e-02  0.0000e+00
6.7200e+02  -3.8685e-02 0.0000e+00
6.7300e+02  -1.0803e-01 0.0000e+00
6.7400e+02  -1.8395e-01 0.0000e+00
6.7500e+02  -2.6408e-01 0.0000e+00
6.7600e+02  -3.4615e-01 0.0000e+00
6.7700e+02  -4.2807e-01 0.0000e+00
6.7800e+02  -5.0796e-01 0.0000e+00
6.7900e+02  -5.8417e-01 0.0000e+00
6.8000e+02  -6.5531e-01 0.0000e+00
6.8100e+02  -7.2016e-01 0.0000e+00
6.8200e+02  -7.7767e-01 0.0000e+00
6.8300e+02  -8.2694e-01 0.0000e+00
6.8400e+02  -8.6712e-01 0.0000e+00
6.8500e+02  -8.9743e-01 0.0000e+00
6.8600e+02  -9.1708e-01 0.0000e+00
6.8700e+02  -9.2528e-01 0.0000e+00
6.8800e+02  -9.2125e-01 0.0000e+00
6.8900e+02  -9.0422e-01 0.0000e+00
6.9000e+02  -8.7346e-01 0.0000e+00
6.9100e+02  -8.2838e-01 0.0000e+00
6.9200e+02  -7.6850e-01 0.0000e+00
6.9300e+02  -6.9363e-01 0.0000e+00
6.9400e+02  -6.0386e-01 0.0000e+00
6.9500e+02  -4.9970e-01 0.0000e+00
6.9600e+02  -3.8213e-01 0.0000e+00
6.9700e+02  -2.5266e-01 0.0000e+00
6.9800e+02  -1.1337e-01 0.0000e+00
6.9900e+02  3.3032e-02  0.0000e+00
7.0000e+02  1.8325e-01  0.0000e+00
7.0100e+02  3.3341e-01  0.0000e+00
7.0200e+02  4.7918e-01  0.0000e+00
7.0300e+02  6.1582e-01  0.0000e+00
7.0400e+02  7.3838e-01  0.0000e+00
7.0500e+02  8.4185e-01  0.0000e+00
7.0600e+02  9.2137e-01  0.0000e+00
7.0700e+02  9.7248e-01  0.0000e+00
7.0800e+02  9.9131e-01  0.0000e+00
7.0900e+02  9.7483e-01  0.0000e+00
7.1000e+02  9.2104e-01  0.0000e+00
7.1100e+02  8.2919e-01  0.0000e+00
7.1200e+02  6.9986e-01  0.0000e+00
7.1300e+02  5.3509e-01  0.0000e+00
7.1400e+02  3.3841e-01  0.0000e+00
7.1500e+02  1.1475e-01  0.0000e+00
7.1600e+02  -1.2961e-01 0.0000e+00
7.1700e+02  -3.8722e-01 0.0000e+00
7.1800e+02  -6.4972e-01 0.0000e+00
7.1900e+02  -9.0807e-01 0.0000e+00
7.2000e+02  -1.1530e+00 0.0000e+00
7.2100e+02  -1.3750e+00 0.0000e+00
7.2200e+02  -1.5654e+00 0.0000e+00
7.2300e+02  -1.7160e+00 0.0000e+00
7.2400e+02  -1.8197e+00 0.0000e+00
7.2500e+02  -1.8710e+00 0.0000e+00
7.2600e+02  -1.8659e+00 0.0000e+00
7.2700e+02  -1.8022e+00 0.0000e+00
7.2800e+02  -1.6800e+00 0.0000e+00
7.2900e+02  -1.5010e+00 0.0000e+00
7.3000e+02  -1.2689e+00 0.0000e+00
7.3100e+02  -9.8920e-01 0.0000e+00
7.3200e+02  -6.6885e-01 0.0000e+00
7.3300e+02  -3.1596e-01 0.0000e+00
7.3400e+02  6.0498e-02  0.0000e+00
7.3500e+02  4.5111e-01  0.0000e+00
7.3600e+02  8.4639e-01  0.0000e+00
7.3700e+02  1.2371e+00  0.0000e+00
7.3800e+02  1.6147e+00  0.0000e+00
7.3900e+02  1.9715e+00  0.0000e+00
7.4000e+02  2.3008e+00  0.0000e+00
7.4100e+02  2.5972e+00  0.0000e+00
7.4200e+02  2.8564e+00  0.0000e+00
7.4300e+02  3.0754e+00  0.0000e+00
7.4400e+02  3.2523e+00  0.0000e+00
7.4500e+02  3.3863e+00  0.0000e+00
7.4600e+02  3.4770e+00  0.0000e+00
7.4700e+02  3.5250e+00  0.0000e+00
7.4800e+02  3.5313e+00  0.0000e+00
7.4900e+02  3.4972e+00  0.0000e+00
7.5000e+02  3.4240e+00  0.0000e+00
7.5100e+02  3.3134e+00  0.0000e+00
7.5200e+02  3.1671e+00  0.0000e+00
7.5300e+02  2.9870e+00  0.0000e+00
7.5400e+02  2.7750e+00  0.0000e+00
7.5500e+02  2.5333e+00  0.0000e+00
7.5600e+02  2.2646e+00  0.0000e+00
7.5700e+02  1.9716e+00  0.0000e+00
7.5800e+02  1.6576e+00  0.0000e+00
7.5900e+02  1.3266e+00  0.0000e+00
7.6000e+02  9.8271e-01  0.0000e+00
7.6100e+02  6.3071e-01  0.0000e+00
7.6200e+02  2.7575e-01  0.0000e+00
7.6300e+02  -7.6693e-02 0.0000e+00
7.6400e+02  -4.2092e-01 0.0000e+00
7.6500e+02  -7.5114e-01 0.0000e+00
7.6600e+02  -1.0616e+00 0.0000e+00
7.6700e+02  -1.3469e+00 0.0000e+00
7.6800e+02  -1.6018e+00 0.0000e+00
7.6900e+02  -1.8216e+00 0.0000e+00
7.7000e+02  -2.0025e+00 0.0000e+00
7.7100e+02  -2.1413e+00 0.0000e+00
7.7200e+02  -2.2356e+00 0.0000e+00
7.7300e+02  -2.2841e+00 0.0000e+00
7.7400e+02  -2.2866e+00 0.0000e+00
7.7500e+02  -2.2438e+00 0.0000e+00
7.7600e+02  -2.1574e+00 0.0000e+00
7.7700e+02  -2.0300e+00 0.0000e+00
7.7800e+02  -1.8652e+00 0.0000e+00
7.7900e+02  -1.6673e+00 0.0000e+00
7.8000e+02  -1.4411e+00 0.0000e+00
7.8100e+02  -1.1917e+00 0.0000e+00
7.8200e+02  -9.2472e-01 0.0000e+00
7.8300e+02  -6.4557e-01 0.0000e+00
7.8400e+02  -3.5960e-01 0.0000e+00
7.8500e+02  -7.1877e-02 0.0000e+00
7.8600e+02  2.1297e-01  0.0000e+00
7.8700e+02  4.9085e-01  0.0000e+00
7.8800e+02  7.5823e-01  0.0000e+00
7.8900e+02  1.0122e+00  0.0000e+00
7.9000e+02  1.2505e+00  0.0000e+00
7.9100e+02  1.4713e+00  0.0000e+00
7.9200e+02  1.6734e+00  0.0000e+00
7.9300e+02  1.8560e+00  0.0000e+00
7.9400e+02  2.0186e+00  0.0000e+00
7.9500e+02  2.1609e+00  0.0000e+00
7.9600e+02  2.2827e+00  0.0000e+00
7.9700e+02  2.3840e+00  0.0000e+00
7.9800e+02  2.4649e+00  0.0000e+00
7.9900e+02  2.5254e+00  0.0000e+00
8.0000e+02  2.5654e+00  0.0000e+00
8.0100e+02  2.5851e+00  0.0000e+00
8.0200e+02  2.5845e+00  0.0000e+00
8.0300e+02  2.5640e+00  0.0000e+00
8.0400e+02  2.5240e+00  0.0000e+00
8.0500e+02  2.4651e+00  0.0000e+00
8.0600e+02  2.3884e+00  0.0000e+00
8.0700e+02  2.2951e+00  0.0000e+00
8.0800e+02  2.1870e+00  0.0000e+00
8.0900e+02  2.0663e+00  0.0000e+00
8.1000e+02  1.9354e+00  0.0000e+00
8.1100e+02  1.7972e+00  0.0000e+00
8.1200e+02  1.6550e+00  0.0000e+00
8.1300e+02  1.5122e+00  0.0000e+00
8.1400e+02  1.3724e+00  0.0000e+00
8.1500e+02  1.2393e+00  0.0000e+00
8.1600e+02  1.1164e+00  0.0000e+00
8.1700e+02  1.0071e+00  0.0000e+00
8.1800e+02  9.1460e-01  0.0000e+00
8.1900e+02  8.4145e-01  0.0000e+00
8.2000e+02  7.8982e-01  0.0000e+00
8.2100e+02  7.6125e-01  0.0000e+00
8.2200e+02  7.5665e-01  0.0000e+00
8.2300e+02  7.7624e-01  0.0000e+00
8.2400e+02  8.1957e-01  0.0000e+00
8.2500e+02  8.8553e-01  0.0000e+00
8.2600e+02  9.7240e-01  0.0000e+00
8.2700e+02  1.0779e+00  0.0000e+00
8.2800e+02  1.1992e+00  0.0000e+00
8.2900e+02  1.3332e+00  0.0000e+00
8.3000e+02  1.4762e+00  0.0000e+00
8.3100e+02  1.6247e+00  0.0000e+00
8.3200e+02  1.7745e+00  0.0000e+00
8.3300e+02  1.9218e+00  0.0000e+00
8.3400e+02  2.0624e+00  0.0000e+00
8.3500e+02  2.1925e+00  0.0000e+00
8.3600e+02  2.3082e+00  0.0000e+00
8.3700e+02  2.4060e+00  0.0000e+00
8.3800e+02  2.4827e+00  0.0000e+00
8.3900e+02  2.5354e+00  0.0000e+00
8.4000e+02  2.5616e+00  0.0000e+00
8.4100e+02  2.5596e+00  0.0000e+00
8.4200e+02  2.5280e+00  0.0000e+00
8.4300e+02  2.4662e+00  0.0000e+00
8.4400e+02  2.3742e+00  0.0000e+00
8.4500e+02  2.2529e+00  0.0000e+00
8.4600e+02  2.1038e+00  0.0000e+00
8.4700e+02  1.9290e+00  0.0000e+00
8.4800e+02  1.7315e+00  0.0000e+00
8.4900e+02  1.5148e+00  0.0000e+00
8.5000e+02  1.2831e+00  0.0000e+00
8.5100e+02  1.0408e+00  0.0000e+00
8.5200e+02  7.9292e-01  0.0000e+00
8.5300e+02  5.4467e-01  0.0000e+00
8.5400e+02  3.0135e-01  0.0000e+00
8.5500e+02  6.8227e-02  0.0000e+00
8.5600e+02  -1.4962e-01 0.0000e+00
8.5700e+02  -3.4744e-01 0.0000e+00
8.5800e+02  -5.2102e-01 0.0000e+00
8.5900e+02  -6.6680e-01 0.0000e+00
8.6000e+02  -7.8205e-01 0.0000e+00
8.6100e+02  -8.6500e-01 0.0000e+00
8.6200e+02  -9.1495e-01 0.0000e+00
8.6300e+02  -9.3235e-01 0.0000e+00
8.6400e+02  -9.1884e-01 0.0000e+00
8.6500e+02  -8.7724e-01 0.0000e+00
8.6600e+02  -8.1147e-01 0.0000e+00
8.6700e+02  -7.2648e-01 0.0000e+00
8.6800e+02  -6.2807e-01 0.0000e+00
8.6900e+02  -5.2265e-01 0.0000e+00
8.7000e+02  -4.1705e-01 0.0000e+00
8.7100e+02  -3.1819e-01 0.0000e+00
8.7200e+02  -2.3283e-01 0.0000e+00
8.7300e+02  -1.6729e-01 0.0000e+00
8.7400e+02  -1.2713e-01 0.0000e+00
8.7500e+02  -1.1698e-01 0.0000e+00
8.7600e+02  -1.4029e-01 0.0000e+00
8.7700e+02  -1.9919e-01 0.0000e+00
8.7800e+02  -2.9442e-01 0.0000e+00
8.7900e+02  -4.2529e-01 0.0000e+00
8.8000e+02  -5.8970e-01 0.0000e+00
8.8100e+02  -7.8421e-01 0.0000e+00
8.8200e+02  -1.0042e+00 0.0000e+00
8.8300e+02  -1.2441e+00 0.0000e+00
8.8400e+02  -1.4973e+00 0.0000e+00
8.8500e+02  -1.7570e+00 0.0000e+00
8.8600e+02  -2.0157e+00 0.0000e+00
8.8700e+02  -2.2662e+00 0.0000e+00
8.8800e+02  -2.5013e+00 0.0000e+00
8.8900e+02  -2.7143e+00 0.0000e+00
8.9000e+02  -2.8994e+00 0.0000e+00
8.9100e+02  -3.0516e+00 0.0000e+00
8.9200e+02  -3.1670e+00 0.0000e+00
8.9300e+02  -3.2433e+00 0.0000e+00
8.9400e+02  -3.2793e+00 0.0000e+00
8.9500e+02  -3.2755e+00 0.0000e+00
8.9600e+02  -3.2338e+00 0.0000e+00
8.9700e+02  -3.1575e+00 0.0000e+00
8.9800e+02  -3.0511e+00 0.0000e+00
8.9900e+02  -2.9204e+00 0.0000e+00
9.0000e+02  -2.7718e+00 0.0000e+00
9.0100e+02  -2.6126e+00 0.0000e+00
9.0200e+02  -2.4500e+00 0.0000e+00
9.0300e+02  -2.2915e+00 0.0000e+00
9.0400e+02  -2.1441e+00 0.0000e+00
9.0500e+02  -2.0139e+00 0.0000e+00
9.0600e+02  -1.9064e+00 0.0000e+00
9.0700e+02  -1.8257e+00 0.0000e+00
9.0800e+02  -1.7747e+00 0.0000e+00
9.0900e+02  -1.7549e+00 0.0000e+00
9.1000e+02  -1.7662e+00 0.0000e+00
9.1100e+02  -1.8074e+00 0.0000e+00
9.1200e+02  -1.8758e+00 0.0000e+00
9.1300e+02  -1.9677e+00 0.0000e+00
9.1400e+02  -2.0784e+00 0.0000e+00
9.1500e+02  -2.2027e+00 0.0000e+00
9.1600e+02  -2.3350e+00 0.0000e+00
9.1700e+02  -2.4696e+00 0.0000e+00
9.1800e+02  -2.6010e+00 0.0000e+00
9.1900e+02  -2.7241e+00 0.0000e+00
9.2000e+02  -2.8345e+00 0.0000e+00
9.2100e+02  -2.9284e+00 0.0000e+00
9.2200e+02  -3.0034e+00 0.0000e+00
9.2300e+02  -3.0576e+00 0.0000e+00
9.2400e+02  -3.0905e+00 0.0000e+00
9.2500e+02  -3.1026e+00 0.0000e+00
9.2600e+02  -3.0952e+00 0.0000e+00
9.2700e+02  -3.0704e+00 0.0000e+00
9.2800e+02  -3.0312e+00 0.0000e+00
9.2900e+02  -2.9808e+00 0.0000e+00
9.3000e+02  -2.9230e+00 0.0000e+00
9.3100e+02  -2.8614e+00 0.0000e+00
9.3200e+02  -2.7997e+00 0.0000e+00
9.3300e+02  -2.7413e+00 0.0000e+00
9.3400e+02  -2.6890e+00 0.0000e+00
9.3500e+02  -2.6453e+00 0.0000e+00
9.3600e+02  -2.6118e+00 0.0000e+00
9.3700e+02  -2.5896e+00 0.0000e+00
9.3800e+02  -2.5788e+00 0.0000e+00
9.3900e+02  -2.5790e+00 0.0000e+00
9.4000e+02  -2.5890e+00 0.0000e+00
9.4100e+02  -2.6068e+00 0.0000e+00
9.4200e+02  -2.6300e+00 0.0000e+00
9.4300e+02  -2.6556e+00 0.0000e+00
9.4400e+02  -2.6802e+00 0.0000e+00
9.4500e+02  -2.7001e+00 0.0000e+00
9.4600e+02  -2.7115e+00 0.0000e+00
9.4700e+02  -2.7104e+00 0.0000e+00
9.4800e+02  -2.6931e+00 0.0000e+00
9.4900e+02  -2.6563e+00 0.0000e+00
9.5000e+02  -2.5969e+00 0.0000e+00
9.5100e+02  -2.5125e+00 0.0000e+00
9.5200e+02  -2.4014e+00 0.0000e+00
9.5300e+02  -2.2629e+00 0.0000e+00
9.5400e+02  -2.0971e+00 0.0000e+00
9.5500e+02  -1.9054e+00 0.0000e+00
9.5600e+02  -1.6900e+00 0.0000e+00
9.5700e+02  -1.4540e+00 0.0000e+00
9.5800e+02  -1.2019e+00 0.0000e+00
9.5900e+02  -9.3837e-01 0.0000e+00
9.6000e+02  -6.6907e-01 0.0000e+00
9.6100e+02  -3.9982e-01 0.0000e+00
9.6200e+02  -1.3655e-01 0.0000e+00
9.6300e+02  1.1500e-01  0.0000e+00
9.6400e+02  3.4955e-01  0.0000e+00
9.6500e+02  5.6255e-01  0.0000e+00
9.6600e+02  7.5031e-01  0.0000e+00
9.6700e+02  9.1023e-01  0.0000e+00
9.6800e+02  1.0409e+00  0.0000e+00
9.6900e+02  1.1419e+00  0.0000e+00
9.7000e+02  1.2143e+00  0.0000e+00
9.7100e+02  1.2598e+00  0.0000e+00
9.7200e+02  1.2815e+00  0.0000e+00
9.7300e+02  1.2828e+00  0.0000e+00
9.7400e+02  1.2679e+00  0.0000e+00
9.7500e+02  1.2411e+00  0.0000e+00
9.7600e+02  1.2069e+00  0.0000e+00
9.7700e+02  1.1697e+00  0.0000e+00
9.7800e+02  1.1334e+00  0.0000e+00
9.7900e+02  1.1017e+00  0.0000e+00
9.8000e+02  1.0775e+00  0.0000e+00
9.8100e+02  1.0630e+00  0.0000e+00
9.8200e+02  1.0596e+00  0.0000e+00
9.8300e+02  1.0682e+00  0.0000e+00
9.8400e+02  1.0887e+00  0.0000e+00
9.8500e+02  1.1204e+00  0.0000e+00
9.8600e+02  1.1621e+00  0.0000e+00
9.8700e+02  1.2118e+00  0.0000e+00
9.8800e+02  1.2674e+00  0.0000e+00
9.8900e+02  1.3263e+00  0.0000e+00
9.9000e+02  1.3860e+00  0.0000e+00
9.9100e+02  1.4438e+00  0.0000e+00
9.9200e+02  1.4972e+00  0.0000e+00
9.9300e+02  1.5440e+00  0.0000e+00
9.9400e+02  1.5823e+00  0.0000e+00
9.9500e+02  1.6106e+00  0.0000e+00
9.9600e+02  1.6280e+00  0.0000e+00
9.9700e+02  1.6341e+00  0.0000e+00
9.9800e+02  1.6290e+00  0.0000e+00
9.9900e+02  1.6133e+00  0.0000e+00
1.0000e+03  1.5882e+00  0.0000e+00
1.0010e+03  1.5552e+00  0.0000e+00
1.0020e+03  1.5162e+00  0.0000e+00
1.0030e+03  1.4734e+00  0.0000e+00
1.0040e+03  1.4290e+00  0.0000e+00
1.0050e+03  1.3854e+00  0.0000e+00
1.0060e+03  1.3449e+00  0.0000e+00
1.0070e+03  1.3095e+00  0.0000e+00
1.0080e+03  1.2812e+00  0.0000e+00
1.0090e+03  1.2618e+00  0.0000e+00
1.0100e+03  1.2526e+00  0.0000e+00
1.0110e+03  1.2545e+00  0.0000e+00
1.0120e+03  1.2682e+00  0.0000e+00
1.0130e+03  1.2940e+00  0.0000e+00
1.0140e+03  1.3318e+00  0.0000e+00
1.0150e+03  1.3812e+00  0.0000e+00
1.0160e+03  1.4414e+00  0.0000e+00
1.0170e+03  1.5116e+00  0.0000e+00
1.0180e+03  1.5903e+00  0.0000e+00
1.0190e+03  1.6764e+00  0.0000e+00
1.0200e+03  1.7682e+00  0.0000e+00
1.0210e+03  1.8641e+00  0.0000e+00
1.0220e+03  1.9624e+00  0.0000e+00
1.0230e+03  2.0615e+00  0.0000e+00
1.0240e+03  2.1596e+00  0.0000e+00
1.0250e+03  2.2550e+00  0.0000e+00
1.0260e+03  2.3462e+00  0.0000e+00
1.0270e+03  2.4314e+00  0.0000e+00
1.0280e+03  2.5091e+00  0.0000e+00
1.0290e+03  2.5778e+00  0.0000e+00
1.0300e+03  2.6360e+00  0.0000e+00
1.0310e+03  2.6824e+00  0.0000e+00
1.0320e+03  2.7157e+00  0.0000e+00
1.0330e+03  2.7346e+00  0.0000e+00
1.0340e+03  2.7383e+00  0.0000e+00
1.0350e+03  2.7258e+00  0.0000e+00
1.0360e+03  2.6966e+00  0.0000e+00
1.0370e+03  2.6504e+00  0.0000e+00
1.0380e+03  2.5873e+00  0.0000e+00
1.0390e+03  2.5077e+00  0.0000e+00
1.0400e+03  2.4125e+00  0.0000e+00
1.0410e+03  2.3029e+00  0.0000e+00
1.0420e+03  2.1806e+00  0.0000e+00
1.0430e+03  2.0475e+00  0.0000e+00
1.0440e+03  1.9060e+00  0.0000e+00
1.0450e+03  1.7587e+00  0.0000e+00
1.0460e+03  1.6082e+00  0.0000e+00
1.0470e+03  1.4571e+00  0.0000e+00
1.0480e+03  1.3081e+00  0.0000e+00
1.0490e+03  1.1636e+00  0.0000e+00
1.0500e+03  1.0256e+00  0.0000e+00
1.0510e+03  8.9576e-01  0.0000e+00
1.0520e+03  7.7513e-01  0.0000e+00
1.0530e+03  6.6433e-01  0.0000e+00
1.0540e+03  5.6336e-01  0.0000e+00
1.0550e+03  4.7165e-01  0.0000e+00
1.0560e+03  3.8816e-01  0.0000e+00
1.0570e+03  3.1140e-01  0.0000e+00
1.0580e+03  2.3954e-01  0.0000e+00
1.0590e+03  1.7056e-01  0.0000e+00
1.0600e+03  1.0239e-01  0.0000e+00
1.0610e+03  3.3004e-02  0.0000e+00
1.0620e+03  -3.9418e-02 0.0000e+00
1.0630e+03  -1.1638e-01 0.0000e+00
1.0640e+03  -1.9900e-01 0.0000e+00
1.0650e+03  -2.8792e-01 0.0000e+00
1.0660e+03  -3.8334e-01 0.0000e+00
1.0670e+03  -4.8500e-01 0.0000e+00
1.0680e+03  -5.9224e-01 0.0000e+00
1.0690e+03  -7.0411e-01 0.0000e+00
1.0700e+03  -8.1946e-01 0.0000e+00
1.0710e+03  -9.3710e-01 0.0000e+00
1.0720e+03  -1.0559e+00 0.0000e+00
1.0730e+03  -1.1748e+00 0.0000e+00
1.0740e+03  -1.2933e+00 0.0000e+00
1.0750e+03  -1.4109e+00 0.0000e+00
1.0760e+03  -1.5278e+00 0.0000e+00
1.0770e+03  -1.6444e+00 0.0000e+00
1.0780e+03  -1.7615e+00 0.0000e+00
1.0790e+03  -1.8800e+00 0.0000e+00
1.0800e+03  -2.0013e+00 0.0000e+00
1.0810e+03  -2.1264e+00 0.0000e+00
1.0820e+03  -2.2564e+00 0.0000e+00
1.0830e+03  -2.3921e+00 0.0000e+00
1.0840e+03  -2.5341e+00 0.0000e+00
1.0850e+03  -2.6823e+00 0.0000e+00
1.0860e+03  -2.8362e+00 0.0000e+00
1.0870e+03  -2.9948e+00 0.0000e+00
1.0880e+03  -3.1568e+00 0.0000e+00
1.0890e+03  -3.3201e+00 0.0000e+00
1.0900e+03  -3.4826e+00 0.0000e+00
1.0910e+03  -3.6419e+00 0.0000e+00
1.0920e+03  -3.7952e+00 0.0000e+00
1.0930e+03  -3.9399e+00 0.0000e+00
1.0940e+03  -4.0735e+00 0.0000e+00
1.0950e+03  -4.1934e+00 0.0000e+00
1.0960e+03  -4.2974e+00 0.0000e+00
1.0970e+03  -4.3833e+00 0.0000e+00
1.0980e+03  -4.4493e+00 0.0000e+00
1.0990e+03  -4.4938e+00 0.0000e+00
1.1000e+03  -4.5151e+00 0.0000e+00
1.1010e+03  -4.5120e+00 0.0000e+00
1.1020e+03  -4.4831e+00 0.0000e+00
1.1030e+03  -4.4273e+00 0.0000e+00
1.1040e+03  -4.3436e+00 0.0000e+00
1.1050e+03  -4.2309e+00 0.0000e+00
1.1060e+03  -4.0887e+00 0.0000e+00
1.1070e+03  -3.9163e+00 0.0000e+00
1.1080e+03  -3.7138e+00 0.0000e+00
1.1090e+03  -3.4814e+00 0.0000e+00
1.1100e+03  -3.2201e+00 0.0000e+00
1.1110e+03  -2.9316e+00 0.0000e+00
1.1120e+03  -2.6185e+00 0.0000e+00
1.1130e+03  -2.2842e+00 0.0000e+00
1.1140e+03  -1.9331e+00 0.0000e+00
1.1150e+03  -1.5707e+00 0.0000e+00
1.1160e+03  -1.2031e+00 0.0000e+00
1.1170e+03  -8.3745e-01 0.0000e+00
1.1180e+03  -4.8136e-01 0.0000e+00
1.1190e+03  -1.4285e-01 0.0000e+00
1.1200e+03  1.6999e-01  0.0000e+00
1.1210e+03  4.4930e-01  0.0000e+00
1.1220e+03  6.8781e-01  0.0000e+00
1.1230e+03  8.7914e-01  0.0000e+00
1.1240e+03  1.0182e+00  0.0000e+00
1.1250e+03  1.1013e+00  0.0000e+00
1.1260e+03  1.1268e+00  0.0000e+00
1.1270e+03  1.0946e+00  0.0000e+00
1.1280e+03  1.0068e+00  0.0000e+00
1.1290e+03  8.6747e-01  0.0000e+00
1.1300e+03  6.8254e-01  0.0000e+00
1.1310e+03  4.5951e-01  0.0000e+00
1.1320e+03  2.0730e-01  0.0000e+00
1.1330e+03  -6.4189e-02 0.0000e+00
1.1340e+03  -3.4447e-01 0.0000e+00
1.1350e+03  -6.2288e-01 0.0000e+00
1.1360e+03  -8.8904e-01 0.0000e+00
1.1370e+03  -1.1333e+00 0.0000e+00
1.1380e+03  -1.3471e+00 0.0000e+00
1.1390e+03  -1.5233e+00 0.0000e+00
1.1400e+03  -1.6563e+00 0.0000e+00
1.1410e+03  -1.7428e+00 0.0000e+00
1.1420e+03  -1.7809e+00 0.0000e+00
1.1430e+03  -1.7712e+00 0.0000e+00
1.1440e+03  -1.7157e+00 0.0000e+00
1.1450e+03  -1.6184e+00 0.0000e+00
1.1460e+03  -1.4850e+00 0.0000e+00
1.1470e+03  -1.3219e+00 0.0000e+00
1.1480e+03  -1.1370e+00 0.0000e+00
1.1490e+03  -9.3828e-01 0.0000e+00
1.1500e+03  -7.3430e-01 0.0000e+00
1.1510e+03  -5.3339e-01 0.0000e+00
1.1520e+03  -3.4345e-01 0.0000e+00
1.1530e+03  -1.7173e-01 0.0000e+00
1.1540e+03  -2.4530e-02 0.0000e+00
1.1550e+03  9.2921e-02  0.0000e+00
1.1560e+03  1.7661e-01  0.0000e+00
1.1570e+03  2.2380e-01  0.0000e+00
1.1580e+03  2.3299e-01  0.0000e+00
1.1590e+03  2.0392e-01  0.0000e+00
1.1600e+03  1.3741e-01  0.0000e+00
1.1610e+03  3.5279e-02  0.0000e+00
1.1620e+03  -9.9840e-02 0.0000e+00
1.1630e+03  -2.6463e-01 0.0000e+00
1.1640e+03  -4.5527e-01 0.0000e+00
1.1650e+03  -6.6753e-01 0.0000e+00
1.1660e+03  -8.9693e-01 0.0000e+00
1.1670e+03  -1.1388e+00 0.0000e+00
1.1680e+03  -1.3883e+00 0.0000e+00
1.1690e+03  -1.6406e+00 0.0000e+00
1.1700e+03  -1.8906e+00 0.0000e+00
1.1710e+03  -2.1332e+00 0.0000e+00
1.1720e+03  -2.3631e+00 0.0000e+00
1.1730e+03  -2.5752e+00 0.0000e+00
1.1740e+03  -2.7638e+00 0.0000e+00
1.1750e+03  -2.9237e+00 0.0000e+00
1.1760e+03  -3.0493e+00 0.0000e+00
1.1770e+03  -3.1354e+00 0.0000e+00
1.1780e+03  -3.1771e+00 0.0000e+00
1.1790e+03  -3.1699e+00 0.0000e+00
1.1800e+03  -3.1099e+00 0.0000e+00
1.1810e+03  -2.9940e+00 0.0000e+00
1.1820e+03  -2.8204e+00 0.0000e+00
1.1830e+03  -2.5879e+00 0.0000e+00
1.1840e+03  -2.2972e+00 0.0000e+00
1.1850e+03  -1.9498e+00 0.0000e+00
1.1860e+03  -1.5489e+00 0.0000e+00
1.1870e+03  -1.0990e+00 0.0000e+00
1.1880e+03  -6.0591e-01 0.0000e+00
1.1890e+03  -7.6678e-02 0.0000e+00
1.1900e+03  4.8066e-01  0.0000e+00
1.1910e+03  1.0572e+00  0.0000e+00
1.1920e+03  1.6433e+00  0.0000e+00
1.1930e+03  2.2289e+00  0.0000e+00
1.1940e+03  2.8039e+00  0.0000e+00
1.1950e+03  3.3582e+00  0.0000e+00
1.1960e+03  3.8818e+00  0.0000e+00
1.1970e+03  4.3655e+00  0.0000e+00
1.1980e+03  4.8006e+00  0.0000e+00
1.1990e+03  5.1796e+00  0.0000e+00
1.2000e+03  5.4959e+00  0.0000e+00
1.2010e+03  5.7443e+00  0.0000e+00
1.2020e+03  5.9209e+00  0.0000e+00
1.2030e+03  6.0233e+00  0.0000e+00
1.2040e+03  6.0507e+00  0.0000e+00
1.2050e+03  6.0035e+00  0.0000e+00
1.2060e+03  5.8841e+00  0.0000e+00
1.2070e+03  5.6959e+00  0.0000e+00
1.2080e+03  5.4438e+00  0.0000e+00
1.2090e+03  5.1340e+00  0.0000e+00
1.2100e+03  4.7736e+00  0.0000e+00
1.2110e+03  4.3705e+00  0.0000e+00
1.2120e+03  3.9333e+00  0.0000e+00
1.2130e+03  3.4709e+00  0.0000e+00
1.2140e+03  2.9927e+00  0.0000e+00
1.2150e+03  2.5076e+00  0.0000e+00
1.2160e+03  2.0245e+00  0.0000e+00
1.2170e+03  1.5520e+00  0.0000e+00
1.2180e+03  1.0978e+00  0.0000e+00
1.2190e+03  6.6882e-01  0.0000e+00
1.2200e+03  2.7135e-01  0.0000e+00
1.2210e+03  -8.9487e-02 0.0000e+00
1.2220e+03  -4.0957e-01 0.0000e+00
1.2230e+03  -6.8580e-01 0.0000e+00
1.2240e+03  -9.1615e-01 0.0000e+00
1.2250e+03  -1.0996e+00 0.0000e+00
1.2260e+03  -1.2360e+00 0.0000e+00
1.2270e+03  -1.3263e+00 0.0000e+00
1.2280e+03  -1.3720e+00 0.0000e+00
1.2290e+03  -1.3754e+00 0.0000e+00
1.2300e+03  -1.3393e+00 0.0000e+00
1.2310e+03  -1.2671e+00 0.0000e+00
1.2320e+03  -1.1627e+00 0.0000e+00
1.2330e+03  -1.0299e+00 0.0000e+00
1.2340e+03  -8.7310e-01 0.0000e+00
1.2350e+03  -6.9674e-01 0.0000e+00
1.2360e+03  -5.0527e-01 0.0000e+00
1.2370e+03  -3.0321e-01 0.0000e+00
1.2380e+03  -9.4981e-02 0.0000e+00
1.2390e+03  1.1510e-01  0.0000e+00
1.2400e+03  3.2294e-01  0.0000e+00
1.2410e+03  5.2472e-01  0.0000e+00
1.2420e+03  7.1699e-01  0.0000e+00
1.2430e+03  8.9673e-01  0.0000e+00
1.2440e+03  1.0615e+00  0.0000e+00
1.2450e+03  1.2093e+00  0.0000e+00
1.2460e+03  1.3390e+00  0.0000e+00
1.2470e+03  1.4500e+00  0.0000e+00
1.2480e+03  1.5423e+00  0.0000e+00
1.2490e+03  1.6167e+00  0.0000e+00
1.2500e+03  1.6746e+00  0.0000e+00
1.2510e+03  1.7177e+00  0.0000e+00
1.2520e+03  1.7481e+00  0.0000e+00
1.2530e+03  1.7684e+00  0.0000e+00
1.2540e+03  1.7809e+00  0.0000e+00
1.2550e+03  1.7880e+00  0.0000e+00
1.2560e+03  1.7919e+00  0.0000e+00
1.2570e+03  1.7943e+00  0.0000e+00
1.2580e+03  1.7966e+00  0.0000e+00
1.2590e+03  1.7994e+00  0.0000e+00
1.2600e+03  1.8031e+00  0.0000e+00
1.2610e+03  1.8074e+00  0.0000e+00
1.2620e+03  1.8114e+00  0.0000e+00
1.2630e+03  1.8140e+00  0.0000e+00
1.2640e+03  1.8137e+00  0.0000e+00
1.2650e+03  1.8088e+00  0.0000e+00
1.2660e+03  1.7978e+00  0.0000e+00
1.2670e+03  1.7791e+00  0.0000e+00
1.2680e+03  1.7513e+00  0.0000e+00
1.2690e+03  1.7135e+00  0.0000e+00
1.2700e+03  1.6650e+00  0.0000e+00
1.2710e+03  1.6056e+00  0.0000e+00
1.2720e+03  1.5358e+00  0.0000e+00
1.2730e+03  1.4562e+00  0.0000e+00
1.2740e+03  1.3681e+00  0.0000e+00
1.2750e+03  1.2731e+00  0.0000e+00
1.2760e+03  1.1732e+00  0.0000e+00
1.2770e+03  1.0705e+00  0.0000e+00
1.2780e+03  9.6763e-01  0.0000e+00
1.2790e+03  8.6695e-01  0.0000e+00
1.2800e+03  7.7102e-01  0.0000e+00
1.2810e+03  6.8228e-01  0.0000e+00
1.2820e+03  6.0301e-01  0.0000e+00
1.2830e+03  5.3524e-01  0.0000e+00
1.2840e+03  4.8070e-01  0.0000e+00
1.2850e+03  4.4072e-01  0.0000e+00
1.2860e+03  4.1616e-01  0.0000e+00
1.2870e+03  4.0743e-01  0.0000e+00
1.2880e+03  4.1435e-01  0.0000e+00
1.2890e+03  4.3620e-01  0.0000e+00
1.2900e+03  4.7171e-01  0.0000e+00
1.2910e+03  5.1902e-01  0.0000e+00
1.2920e+03  5.7576e-01  0.0000e+00
1.2930e+03  6.3905e-01  0.0000e+00
1.2940e+03  7.0565e-01  0.0000e+00
1.2950e+03  7.7194e-01  0.0000e+00
1.2960e+03  8.3415e-01  0.0000e+00
1.2970e+03  8.8837e-01  0.0000e+00
1.2980e+03  9.3079e-01  0.0000e+00
1.2990e+03  9.5776e-01  0.0000e+00
1.3000e+03  9.6601e-01  0.0000e+00
1.3010e+03  9.5274e-01  0.0000e+00
1.3020e+03  9.1578e-01  0.0000e+00
1.3030e+03  8.5368e-01  0.0000e+00
1.3040e+03  7.6585e-01  0.0000e+00
1.3050e+03  6.5257e-01  0.0000e+00
1.3060e+03  5.1501e-01  0.0000e+00
1.3070e+03  3.5528e-01  0.0000e+00
1.3080e+03  1.7633e-01  0.0000e+00
1.3090e+03  -1.8142e-02 0.0000e+00
1.3100e+03  -2.2375e-01 0.0000e+00
1.3110e+03  -4.3562e-01 0.0000e+00
1.3120e+03  -6.4852e-01 0.0000e+00
1.3130e+03  -8.5704e-01 0.0000e+00
1.3140e+03  -1.0558e+00 0.0000e+00
1.3150e+03  -1.2395e+00 0.0000e+00
1.3160e+03  -1.4033e+00 0.0000e+00
1.3170e+03  -1.5427e+00 0.0000e+00
1.3180e+03  -1.6539e+00 0.0000e+00
1.3190e+03  -1.7337e+00 0.0000e+00
1.3200e+03  -1.7797e+00 0.0000e+00
1.3210e+03  -1.7904e+00 0.0000e+00
1.3220e+03  -1.7647e+00 0.0000e+00
1.3230e+03  -1.7029e+00 0.0000e+00
1.3240e+03  -1.6056e+00 0.0000e+00
1.3250e+03  -1.4744e+00 0.0000e+00
1.3260e+03  -1.3116e+00 0.0000e+00
1.3270e+03  -1.1201e+00 0.0000e+00
1.3280e+03  -9.0349e-01 0.0000e+00
1.3290e+03  -6.6574e-01 0.0000e+00
1.3300e+03  -4.1134e-01 0.0000e+00
1.3310e+03  -1.4509e-01 0.0000e+00
1.3320e+03  1.2800e-01  0.0000e+00
1.3330e+03  4.0282e-01  0.0000e+00
1.3340e+03  6.7429e-01  0.0000e+00
1.3350e+03  9.3749e-01  0.0000e+00
1.3360e+03  1.1878e+00  0.0000e+00
1.3370e+03  1.4209e+00  0.0000e+00
1.3380e+03  1.6332e+00  0.0000e+00
1.3390e+03  1.8215e+00  0.0000e+00
1.3400e+03  1.9834e+00  0.0000e+00
1.3410e+03  2.1171e+00  0.0000e+00
1.3420e+03  2.2215e+00  0.0000e+00
1.3430e+03  2.2963e+00  0.0000e+00
1.3440e+03  2.3416e+00  0.0000e+00
1.3450e+03  2.3582e+00  0.0000e+00
1.3460e+03  2.3472e+00  0.0000e+00
1.3470e+03  2.3102e+00  0.0000e+00
1.3480e+03  2.2489e+00  0.0000e+00
1.3490e+03  2.1649e+00  0.0000e+00
1.3500e+03  2.0602e+00  0.0000e+00
1.3510e+03  1.9365e+00  0.0000e+00
1.3520e+03  1.7954e+00  0.0000e+00
1.3530e+03  1.6384e+00  0.0000e+00
1.3540e+03  1.4670e+00  0.0000e+00
1.3550e+03  1.2824e+00  0.0000e+00
1.3560e+03  1.0861e+00  0.0000e+00
1.3570e+03  8.7955e-01  0.0000e+00
1.3580e+03  6.6428e-01  0.0000e+00
1.3590e+03  4.4223e-01  0.0000e+00
1.3600e+03  2.1560e-01  0.0000e+00
1.3610e+03  -1.2968e-02 0.0000e+00
1.3620e+03  -2.4045e-01 0.0000e+00
1.3630e+03  -4.6340e-01 0.0000e+00
1.3640e+03  -6.7800e-01 0.0000e+00
1.3650e+03  -8.8017e-01 0.0000e+00
1.3660e+03  -1.0657e+00 0.0000e+00
1.3670e+03  -1.2303e+00 0.0000e+00
1.3680e+03  -1.3701e+00 0.0000e+00
1.3690e+03  -1.4813e+00 0.0000e+00
1.3700e+03  -1.5609e+00 0.0000e+00
1.3710e+03  -1.6066e+00 0.0000e+00
1.3720e+03  -1.6172e+00 0.0000e+00
1.3730e+03  -1.5923e+00 0.0000e+00
1.3740e+03  -1.5329e+00 0.0000e+00
1.3750e+03  -1.4411e+00 0.0000e+00
1.3760e+03  -1.3202e+00 0.0000e+00
1.3770e+03  -1.1747e+00 0.0000e+00
1.3780e+03  -1.0099e+00 0.0000e+00
1.3790e+03  -8.3209e-01 0.0000e+00
1.3800e+03  -6.4823e-01 0.0000e+00
1.3810e+03  -4.6557e-01 0.0000e+00
1.3820e+03  -2.9153e-01 0.0000e+00
1.3830e+03  -1.3343e-01 0.0000e+00
1.3840e+03  1.7712e-03  0.0000e+00
1.3850e+03  1.0771e-01  0.0000e+00
1.3860e+03  1.7884e-01  0.0000e+00
1.3870e+03  2.1059e-01  0.0000e+00
1.3880e+03  1.9955e-01  0.0000e+00
1.3890e+03  1.4355e-01  0.0000e+00
1.3900e+03  4.1766e-02  0.0000e+00
1.3910e+03  -1.0528e-01 0.0000e+00
1.3920e+03  -2.9571e-01 0.0000e+00
1.3930e+03  -5.2631e-01 0.0000e+00
1.3940e+03  -7.9265e-01 0.0000e+00
1.3950e+03  -1.0892e+00 0.0000e+00
1.3960e+03  -1.4095e+00 0.0000e+00
1.3970e+03  -1.7462e+00 0.0000e+00
1.3980e+03  -2.0915e+00 0.0000e+00
1.3990e+03  -2.4371e+00 0.0000e+00
1.4000e+03  -2.7748e+00 0.0000e+00
1.4010e+03  -3.0965e+00 0.0000e+00
1.4020e+03  -3.3941e+00 0.0000e+00
1.4030e+03  -3.6607e+00 0.0000e+00
1.4040e+03  -3.8897e+00 0.0000e+00
1.4050e+03  -4.0757e+00 0.0000e+00
1.4060e+03  -4.2145e+00 0.0000e+00
1.4070e+03  -4.3030e+00 0.0000e+00
1.4080e+03  -4.3394e+00 0.0000e+00
1.4090e+03  -4.3232e+00 0.0000e+00
1.4100e+03  -4.2554e+00 0.0000e+00
1.4110e+03  -4.1378e+00 0.0000e+00
1.4120e+03  -3.9736e+00 0.0000e+00
1.4130e+03  -3.7669e+00 0.0000e+00
1.4140e+03  -3.5226e+00 0.0000e+00
1.4150e+03  -3.2461e+00 0.0000e+00
1.4160e+03  -2.9433e+00 0.0000e+00
1.4170e+03  -2.6204e+00 0.0000e+00
1.4180e+03  -2.2835e+00 0.0000e+00
1.4190e+03  -1.9386e+00 0.0000e+00
1.4200e+03  -1.5916e+00 0.0000e+00
1.4210e+03  -1.2476e+00 0.0000e+00
1.4220e+03  -9.1137e-01 0.0000e+00
1.4230e+03  -5.8694e-01 0.0000e+00
1.4240e+03  -2.7767e-01 0.0000e+00
1.4250e+03  1.3848e-02  0.0000e+00
1.4260e+03  2.8572e-01  0.0000e+00
1.4270e+03  5.3674e-01  0.0000e+00
1.4280e+03  7.6635e-01  0.0000e+00
1.4290e+03  9.7449e-01  0.0000e+00
1.4300e+03  1.1615e+00  0.0000e+00
1.4310e+03  1.3282e+00  0.0000e+00
1.4320e+03  1.4753e+00  0.0000e+00
1.4330e+03  1.6040e+00  0.0000e+00
1.4340e+03  1.7150e+00  0.0000e+00
1.4350e+03  1.8093e+00  0.0000e+00
1.4360e+03  1.8877e+00  0.0000e+00
1.4370e+03  1.9505e+00  0.0000e+00
1.4380e+03  1.9983e+00  0.0000e+00
1.4390e+03  2.0310e+00  0.0000e+00
1.4400e+03  2.0487e+00  0.0000e+00
1.4410e+03  2.0513e+00  0.0000e+00
1.4420e+03  2.0386e+00  0.0000e+00
1.4430e+03  2.0104e+00  0.0000e+00
1.4440e+03  1.9666e+00  0.0000e+00
1.4450e+03  1.9071e+00  0.0000e+00
1.4460e+03  1.8320e+00  0.0000e+00
1.4470e+03  1.7417e+00  0.0000e+00
1.4480e+03  1.6366e+00  0.0000e+00
1.4490e+03  1.5174e+00  0.0000e+00
1.4500e+03  1.3848e+00  0.0000e+00
1.4510e+03  1.2402e+00  0.0000e+00
1.4520e+03  1.0846e+00  0.0000e+00
1.4530e+03  9.1972e-01  0.0000e+00
1.4540e+03  7.4707e-01  0.0000e+00
1.4550e+03  5.6853e-01  0.0000e+00
1.4560e+03  3.8604e-01  0.0000e+00
1.4570e+03  2.0169e-01  0.0000e+00
1.4580e+03  1.7595e-02  0.0000e+00
1.4590e+03  -1.6410e-01 0.0000e+00
1.4600e+03  -3.4130e-01 0.0000e+00
1.4610e+03  -5.1201e-01 0.0000e+00
1.4620e+03  -6.7443e-01 0.0000e+00
1.4630e+03  -8.2699e-01 0.0000e+00
1.4640e+03  -9.6847e-01 0.0000e+00
1.4650e+03  -1.0980e+00 0.0000e+00
1.4660e+03  -1.2152e+00 0.0000e+00
1.4670e+03  -1.3200e+00 0.0000e+00
1.4680e+03  -1.4131e+00 0.0000e+00
1.4690e+03  -1.4953e+00 0.0000e+00
1.4700e+03  -1.5681e+00 0.0000e+00
1.4710e+03  -1.6331e+00 0.0000e+00
1.4720e+03  -1.6926e+00 0.0000e+00
1.4730e+03  -1.7487e+00 0.0000e+00
1.4740e+03  -1.8037e+00 0.0000e+00
1.4750e+03  -1.8600e+00 0.0000e+00
1.4760e+03  -1.9197e+00 0.0000e+00
1.4770e+03  -1.9848e+00 0.0000e+00
1.4780e+03  -2.0568e+00 0.0000e+00
1.4790e+03  -2.1369e+00 0.0000e+00
1.4800e+03  -2.2256e+00 0.0000e+00
1.4810e+03  -2.3230e+00 0.0000e+00
1.4820e+03  -2.4286e+00 0.0000e+00
1.4830e+03  -2.5412e+00 0.0000e+00
1.4840e+03  -2.6591e+00 0.0000e+00
1.4850e+03  -2.7802e+00 0.0000e+00
1.4860e+03  -2.9017e+00 0.0000e+00
1.4870e+03  -3.0207e+00 0.0000e+00
1.4880e+03  -3.1341e+00 0.0000e+00
1.4890e+03  -3.2385e+00 0.0000e+00
1.4900e+03  -3.3307e+00 0.0000e+00
1.4910e+03  -3.4078e+00 0.0000e+00
1.4920e+03  -3.4670e+00 0.0000e+00
1.4930e+03  -3.5060e+00 0.0000e+00
1.4940e+03  -3.5230e+00 0.0000e+00
1.4950e+03  -3.5169e+00 0.0000e+00
1.4960e+03  -3.4870e+00 0.0000e+00
1.4970e+03  -3.4333e+00 0.0000e+00
1.4980e+03  -3.3566e+00 0.0000e+00
1.4990e+03  -3.2580e+00 0.0000e+00
1.5000e+03  -3.1391e+00 0.0000e+00
1.5010e+03  -3.0022e+00 0.0000e+00
1.5020e+03  -2.8498e+00 0.0000e+00
1.5030e+03  -2.6844e+00 0.0000e+00
1.5040e+03  -2.5089e+00 0.0000e+00
1.5050e+03  -2.3262e+00 0.0000e+00
1.5060e+03  -2.1392e+00 0.0000e+00
1.5070e+03  -1.9505e+00 0.0000e+00
1.5080e+03  -1.7627e+00 0.0000e+00
1.5090e+03  -1.5779e+00 0.0000e+00
1.5100e+03  -1.3979e+00 0.0000e+00
1.5110e+03  -1.2243e+00 0.0000e+00
1.5120e+03  -1.0580e+00 0.0000e+00
1.5130e+03  -8.9945e-01 0.0000e+00
1.5140e+03  -7.4877e-01 0.0000e+00
1.5150e+03  -6.0544e-01 0.0000e+00
1.5160e+03  -4.6852e-01 0.0000e+00
1.5170e+03  -3.3669e-01 0.0000e+00
1.5180e+03  -2.0829e-01 0.0000e+00
1.5190e+03  -8.1468e-02 0.0000e+00
1.5200e+03  4.5732e-02  0.0000e+00
1.5210e+03  1.7521e-01  0.0000e+00
1.5220e+03  3.0867e-01  0.0000e+00
1.5230e+03  4.4748e-01  0.0000e+00
1.5240e+03  5.9256e-01  0.0000e+00
1.5250e+03  7.4426e-01  0.0000e+00
1.5260e+03  9.0231e-01  0.0000e+00
1.5270e+03  1.0658e+00  0.0000e+00
1.5280e+03  1.2330e+00  0.0000e+00
1.5290e+03  1.4019e+00  0.0000e+00
1.5300e+03  1.5697e+00  0.0000e+00
1.5310e+03  1.7333e+00  0.0000e+00
1.5320e+03  1.8894e+00  0.0000e+00
1.5330e+03  2.0347e+00  0.0000e+00
1.5340e+03  2.1659e+00  0.0000e+00
1.5350e+03  2.2799e+00  0.0000e+00
1.5360e+03  2.3744e+00  0.0000e+00
1.5370e+03  2.4473e+00  0.0000e+00
1.5380e+03  2.4975e+00  0.0000e+00
1.5390e+03  2.5244e+00  0.0000e+00
1.5400e+03  2.5284e+00  0.0000e+00
1.5410e+03  2.5107e+00  0.0000e+00
1.5420e+03  2.4732e+00  0.0000e+00
1.5430e+03  2.4185e+00  0.0000e+00
1.5440e+03  2.3498e+00  0.0000e+00
1.5450e+03  2.2709e+00  0.0000e+00
1.5460e+03  2.1857e+00  0.0000e+00
1.5470e+03  2.0982e+00  0.0000e+00
1.5480e+03  2.0126e+00  0.0000e+00
1.5490e+03  1.9326e+00  0.0000e+00
1.5500e+03  1.8615e+00  0.0000e+00
1.5510e+03  1.8020e+00  0.0000e+00
1.5520e+03  1.7561e+00  0.0000e+00
1.5530e+03  1.7250e+00  0.0000e+00
1.5540e+03  1.7086e+00  0.0000e+00
1.5550e+03  1.7063e+00  0.0000e+00
1.5560e+03  1.7163e+00  0.0000e+00
1.5570e+03  1.7359e+00  0.0000e+00
1.5580e+03  1.7619e+00  0.0000e+00
1.5590e+03  1.7902e+00  0.0000e+00
1.5600e+03  1.8166e+00  0.0000e+00
1.5610e+03  1.8366e+00  0.0000e+00
1.5620e+03  1.8456e+00  0.0000e+00
1.5630e+03  1.8396e+00  0.0000e+00
1.5640e+03  1.8148e+00  0.0000e+00
1.5650e+03  1.7682e+00  0.0000e+00
1.5660e+03  1.6977e+00  0.0000e+00
1.5670e+03  1.6020e+00  0.0000e+00
1.5680e+03  1.4811e+00  0.0000e+00
1.5690e+03  1.3358e+00  0.0000e+00
1.5700e+03  1.1681e+00  0.0000e+00
1.5710e+03  9.8104e-01  0.0000e+00
1.5720e+03  7.7842e-01  0.0000e+00
1.5730e+03  5.6492e-01  0.0000e+00
1.5740e+03  3.4580e-01  0.0000e+00
1.5750e+03  1.2671e-01  0.0000e+00
1.5760e+03  -8.6501e-02 0.0000e+00
1.5770e+03  -2.8802e-01 0.0000e+00
1.5780e+03  -4.7233e-01 0.0000e+00
1.5790e+03  -6.3439e-01 0.0000e+00
1.5800e+03  -7.6988e-01 0.0000e+00
1.5810e+03  -8.7540e-01 0.0000e+00
1.5820e+03  -9.4859e-01 0.0000e+00
1.5830e+03  -9.8827e-01 0.0000e+00
1.5840e+03  -9.9451e-01 0.0000e+00
1.5850e+03  -9.6859e-01 0.0000e+00
1.5860e+03  -9.1300e-01 0.0000e+00
1.5870e+03  -8.3129e-01 0.0000e+00
1.5880e+03  -7.2796e-01 0.0000e+00
1.5890e+03  -6.0817e-01 0.0000e+00
1.5900e+03  -4.7758e-01 0.0000e+00
1.5910e+03  -3.4202e-01 0.0000e+00
1.5920e+03  -2.0728e-01 0.0000e+00
1.5930e+03  -7.8800e-02 0.0000e+00
1.5940e+03  3.8555e-02  0.0000e+00
1.5950e+03  1.4070e-01  0.0000e+00
1.5960e+03  2.2449e-01  0.0000e+00
1.5970e+03  2.8784e-01  0.0000e+00
1.5980e+03  3.2977e-01  0.0000e+00
1.5990e+03  3.5042e-01  0.0000e+00
1.6000e+03  3.5098e-01  0.0000e+00
1.6010e+03  3.3360e-01  0.0000e+00
1.6020e+03  3.0126e-01  0.0000e+00
1.6030e+03  2.5755e-01  0.0000e+00
1.6040e+03  2.0649e-01  0.0000e+00
1.6050e+03  1.5233e-01  0.0000e+00
1.6060e+03  9.9267e-02  0.0000e+00
1.6070e+03  5.1278e-02  0.0000e+00
1.6080e+03  1.1868e-02  0.0000e+00
1.6090e+03  -1.6101e-02 0.0000e+00
1.6100e+03  -3.0578e-02 0.0000e+00
1.6110e+03  -3.0432e-02 0.0000e+00
1.6120e+03  -1.5526e-02 0.0000e+00
1.6130e+03  1.3272e-02  0.0000e+00
1.6140e+03  5.4132e-02  0.0000e+00
1.6150e+03  1.0436e-01  0.0000e+00
1.6160e+03  1.6055e-01  0.0000e+00
1.6170e+03  2.1881e-01  0.0000e+00
1.6180e+03  2.7497e-01  0.0000e+00
1.6190e+03  3.2484e-01  0.0000e+00
1.6200e+03  3.6454e-01  0.0000e+00
1.6210e+03  3.9067e-01  0.0000e+00
1.6220e+03  4.0061e-01  0.0000e+00
1.6230e+03  3.9267e-01  0.0000e+00
1.6240e+03  3.6619e-01  0.0000e+00
1.6250e+03  3.2169e-01  0.0000e+00
1.6260e+03  2.6074e-01  0.0000e+00
1.6270e+03  1.8598e-01  0.0000e+00
1.6280e+03  1.0093e-01  0.0000e+00
1.6290e+03  9.8327e-03  0.0000e+00
1.6300e+03  -8.2617e-02 0.0000e+00
1.6310e+03  -1.7146e-01 0.0000e+00
1.6320e+03  -2.5177e-01 0.0000e+00
1.6330e+03  -3.1883e-01 0.0000e+00
1.6340e+03  -3.6837e-01 0.0000e+00
1.6350e+03  -3.9675e-01 0.0000e+00
1.6360e+03  -4.0103e-01 0.0000e+00
1.6370e+03  -3.7912e-01 0.0000e+00
1.6380e+03  -3.2975e-01 0.0000e+00
1.6390e+03  -2.5252e-01 0.0000e+00
1.6400e+03  -1.4785e-01 0.0000e+00
1.6410e+03  -1.6897e-02 0.0000e+00
1.6420e+03  1.3846e-01  0.0000e+00
1.6430e+03  3.1575e-01  0.0000e+00
1.6440e+03  5.1198e-01  0.0000e+00
1.6450e+03  7.2376e-01  0.0000e+00
1.6460e+03  9.4735e-01  0.0000e+00
1.6470e+03  1.1788e+00  0.0000e+00
1.6480e+03  1.4139e+00  0.0000e+00
1.6490e+03  1.6485e+00  0.0000e+00
1.6500e+03  1.8785e+00  0.0000e+00
1.6510e+03  2.0999e+00  0.0000e+00
1.6520e+03  2.3089e+00  0.0000e+00
1.6530e+03  2.5020e+00  0.0000e+00
1.6540e+03  2.6760e+00  0.0000e+00
1.6550e+03  2.8285e+00  0.0000e+00
1.6560e+03  2.9572e+00  0.0000e+00
1.6570e+03  3.0606e+00  0.0000e+00
1.6580e+03  3.1379e+00  0.0000e+00
1.6590e+03  3.1888e+00  0.0000e+00
1.6600e+03  3.2137e+00  0.0000e+00
1.6610e+03  3.2137e+00  0.0000e+00
1.6620e+03  3.1903e+00  0.0000e+00
1.6630e+03  3.1459e+00  0.0000e+00
1.6640e+03  3.0832e+00  0.0000e+00
1.6650e+03  3.0054e+00  0.0000e+00
1.6660e+03  2.9162e+00  0.0000e+00
1.6670e+03  2.8193e+00  0.0000e+00
1.6680e+03  2.7187e+00  0.0000e+00
1.6690e+03  2.6183e+00  0.0000e+00
1.6700e+03  2.5220e+00  0.0000e+00
1.6710e+03  2.4332e+00  0.0000e+00
1.6720e+03  2.3550e+00  0.0000e+00
1.6730e+03  2.2897e+00  0.0000e+00
1.6740e+03  2.2390e+00  0.0000e+00
1.6750e+03  2.2036e+00  0.0000e+00
1.6760e+03  2.1835e+00  0.0000e+00
1.6770e+03  2.1773e+00  0.0000e+00
1.6780e+03  2.1830e+00  0.0000e+00
1.6790e+03  2.1975e+00  0.0000e+00
1.6800e+03  2.2171e+00  0.0000e+00
1.6810e+03  2.2371e+00  0.0000e+00
1.6820e+03  2.2528e+00  0.0000e+00
1.6830e+03  2.2590e+00  0.0000e+00
1.6840e+03  2.2508e+00  0.0000e+00
1.6850e+03  2.2236e+00  0.0000e+00
1.6860e+03  2.1732e+00  0.0000e+00
1.6870e+03  2.0964e+00  0.0000e+00
1.6880e+03  1.9910e+00  0.0000e+00
1.6890e+03  1.8556e+00  0.0000e+00
1.6900e+03  1.6905e+00  0.0000e+00
1.6910e+03  1.4970e+00  0.0000e+00
1.6920e+03  1.2774e+00  0.0000e+00
1.6930e+03  1.0354e+00  0.0000e+00
1.6940e+03  7.7566e-01  0.0000e+00
1.6950e+03  5.0347e-01  0.0000e+00
1.6960e+03  2.2488e-01  0.0000e+00
1.6970e+03  -5.3730e-02 0.0000e+00
1.6980e+03  -3.2580e-01 0.0000e+00
1.6990e+03  -5.8481e-01 0.0000e+00
1.7000e+03  -8.2449e-01 0.0000e+00
1.7010e+03  -1.0390e+00 0.0000e+00
1.7020e+03  -1.2231e+00 0.0000e+00
1.7030e+03  -1.3724e+00 0.0000e+00
1.7040e+03  -1.4830e+00 0.0000e+00
1.7050e+03  -1.5523e+00 0.0000e+00
1.7060e+03  -1.5784e+00 0.0000e+00
1.7070e+03  -1.5606e+00 0.0000e+00
1.7080e+03  -1.4989e+00 0.0000e+00
1.7090e+03  -1.3946e+00 0.0000e+00
1.7100e+03  -1.2498e+00 0.0000e+00
1.7110e+03  -1.0676e+00 0.0000e+00
1.7120e+03  -8.5183e-01 0.0000e+00
1.7130e+03  -6.0726e-01 0.0000e+00
1.7140e+03  -3.3936e-01 0.0000e+00
1.7150e+03  -5.4229e-02 0.0000e+00
1.7160e+03  2.4150e-01  0.0000e+00
1.7170e+03  5.4079e-01  0.0000e+00
1.7180e+03  8.3635e-01  0.0000e+00
1.7190e+03  1.1208e+00  0.0000e+00
1.7200e+03  1.3869e+00  0.0000e+00
1.7210e+03  1.6276e+00  0.0000e+00
1.7220e+03  1.8364e+00  0.0000e+00
1.7230e+03  2.0075e+00  0.0000e+00
1.7240e+03  2.1360e+00  0.0000e+00
1.7250e+03  2.2181e+00  0.0000e+00
1.7260e+03  2.2510e+00  0.0000e+00
1.7270e+03  2.2337e+00  0.0000e+00
1.7280e+03  2.1662e+00  0.0000e+00
1.7290e+03  2.0503e+00  0.0000e+00
1.7300e+03  1.8890e+00  0.0000e+00
1.7310e+03  1.6868e+00  0.0000e+00
1.7320e+03  1.4494e+00  0.0000e+00
1.7330e+03  1.1838e+00  0.0000e+00
1.7340e+03  8.9764e-01  0.0000e+00
1.7350e+03  5.9922e-01  0.0000e+00
1.7360e+03  2.9727e-01  0.0000e+00
1.7370e+03  5.2606e-04  0.0000e+00
1.7380e+03  -2.8251e-01 0.0000e+00
1.7390e+03  -5.4387e-01 0.0000e+00
1.7400e+03  -7.7642e-01 0.0000e+00
1.7410e+03  -9.7411e-01 0.0000e+00
1.7420e+03  -1.1322e+00 0.0000e+00
1.7430e+03  -1.2474e+00 0.0000e+00
1.7440e+03  -1.3180e+00 0.0000e+00
1.7450e+03  -1.3442e+00 0.0000e+00
1.7460e+03  -1.3275e+00 0.0000e+00
1.7470e+03  -1.2714e+00 0.0000e+00
1.7480e+03  -1.1807e+00 0.0000e+00
1.7490e+03  -1.0616e+00 0.0000e+00
1.7500e+03  -9.2151e-01 0.0000e+00
1.7510e+03  -7.6840e-01 0.0000e+00
1.7520e+03  -6.1085e-01 0.0000e+00
1.7530e+03  -4.5757e-01 0.0000e+00
1.7540e+03  -3.1697e-01 0.0000e+00
1.7550e+03  -1.9691e-01 0.0000e+00
1.7560e+03  -1.0433e-01 0.0000e+00
1.7570e+03  -4.4967e-02 0.0000e+00
1.7580e+03  -2.3125e-02 0.0000e+00
1.7590e+03  -4.1537e-02 0.0000e+00
1.7600e+03  -1.0126e-01 0.0000e+00
1.7610e+03  -2.0167e-01 0.0000e+00
1.7620e+03  -3.4051e-01 0.0000e+00
1.7630e+03  -5.1405e-01 0.0000e+00
1.7640e+03  -7.1722e-01 0.0000e+00
1.7650e+03  -9.4392e-01 0.0000e+00
1.7660e+03  -1.1872e+00 0.0000e+00
1.7670e+03  -1.4397e+00 0.0000e+00
1.7680e+03  -1.6938e+00 0.0000e+00
1.7690e+03  -1.9419e+00 0.0000e+00
1.7700e+03  -2.1770e+00 0.0000e+00
1.7710e+03  -2.3924e+00 0.0000e+00
1.7720e+03  -2.5827e+00 0.0000e+00
1.7730e+03  -2.7432e+00 0.0000e+00
1.7740e+03  -2.8705e+00 0.0000e+00
1.7750e+03  -2.9627e+00 0.0000e+00
1.7760e+03  -3.0188e+00 0.0000e+00
1.7770e+03  -3.0396e+00 0.0000e+00
1.7780e+03  -3.0269e+00 0.0000e+00
1.7790e+03  -2.9838e+00 0.0000e+00
1.7800e+03  -2.9144e+00 0.0000e+00
1.7810e+03  -2.8234e+00 0.0000e+00
1.7820e+03  -2.7164e+00 0.0000e+00
1.7830e+03  -2.5990e+00 0.0000e+00
1.7840e+03  -2.4771e+00 0.0000e+00
1.7850e+03  -2.3562e+00 0.0000e+00
1.7860e+03  -2.2412e+00 0.0000e+00
1.7870e+03  -2.1365e+00 0.0000e+00
1.7880e+03  -2.0453e+00 0.0000e+00
1.7890e+03  -1.9698e+00 0.0000e+00
1.7900e+03  -1.9112e+00 0.0000e+00
1.7910e+03  -1.8694e+00 0.0000e+00
1.7920e+03  -1.8430e+00 0.0000e+00
1.7930e+03  -1.8298e+00 0.0000e+00
1.7940e+03  -1.8269e+00 0.0000e+00
1.7950e+03  -1.8303e+00 0.0000e+00
1.7960e+03  -1.8361e+00 0.0000e+00
1.7970e+03  -1.8399e+00 0.0000e+00
1.7980e+03  -1.8376e+00 0.0000e+00
1.7990e+03  -1.8255e+00 0.0000e+00
1.8000e+03  -1.8004e+00 0.0000e+00
1.8010e+03  -1.7597e+00 0.0000e+00
1.8020e+03  -1.7020e+00 0.0000e+00
1.8030e+03  -1.6267e+00 0.0000e+00
1.8040e+03  -1.5341e+00 0.0000e+00
1.8050e+03  -1.4256e+00 0.0000e+00
1.8060e+03  -1.3036e+00 0.0000e+00
1.8070e+03  -1.1711e+00 0.0000e+00
1.8080e+03  -1.0320e+00 0.0000e+00
1.8090e+03  -8.9047e-01 0.0000e+00
1.8100e+03  -7.5124e-01 0.0000e+00
1.8110e+03  -6.1899e-01 0.0000e+00
1.8120e+03  -4.9837e-01 0.0000e+00
1.8130e+03  -3.9374e-01 0.0000e+00
1.8140e+03  -3.0902e-01 0.0000e+00
1.8150e+03  -2.4750e-01 0.0000e+00
1.8160e+03  -2.1177e-01 0.0000e+00
1.8170e+03  -2.0356e-01 0.0000e+00
1.8180e+03  -2.2375e-01 0.0000e+00
1.8190e+03  -2.7233e-01 0.0000e+00
1.8200e+03  -3.4842e-01 0.0000e+00
1.8210e+03  -4.5037e-01 0.0000e+00
1.8220e+03  -5.7581e-01 0.0000e+00
1.8230e+03  -7.2179e-01 0.0000e+00
1.8240e+03  -8.8489e-01 0.0000e+00
1.8250e+03  -1.0614e+00 0.0000e+00
1.8260e+03  -1.2473e+00 0.0000e+00
1.8270e+03  -1.4387e+00 0.0000e+00
1.8280e+03  -1.6315e+00 0.0000e+00
1.8290e+03  -1.8220e+00 0.0000e+00
1.8300e+03  -2.0065e+00 0.0000e+00
1.8310e+03  -2.1816e+00 0.0000e+00
1.8320e+03  -2.3442e+00 0.0000e+00
1.8330e+03  -2.4915e+00 0.0000e+00
1.8340e+03  -2.6210e+00 0.0000e+00
1.8350e+03  -2.7307e+00 0.0000e+00
1.8360e+03  -2.8187e+00 0.0000e+00
1.8370e+03  -2.8835e+00 0.0000e+00
1.8380e+03  -2.9241e+00 0.0000e+00
1.8390e+03  -2.9397e+00 0.0000e+00
1.8400e+03  -2.9300e+00 0.0000e+00
1.8410e+03  -2.8948e+00 0.0000e+00
1.8420e+03  -2.8344e+00 0.0000e+00
1.8430e+03  -2.7497e+00 0.0000e+00
1.8440e+03  -2.6414e+00 0.0000e+00
1.8450e+03  -2.5110e+00 0.0000e+00
1.8460e+03  -2.3600e+00 0.0000e+00
1.8470e+03  -2.1902e+00 0.0000e+00
1.8480e+03  -2.0036e+00 0.0000e+00
1.8490e+03  -1.8024e+00 0.0000e+00
1.8500e+03  -1.5888e+00 0.0000e+00
1.8510e+03  -1.3653e+00 0.0000e+00
1.8520e+03  -1.1343e+00 0.0000e+00
1.8530e+03  -8.9817e-01 0.0000e+00
1.8540e+03  -6.5949e-01 0.0000e+00
1.8550e+03  -4.2070e-01 0.0000e+00
1.8560e+03  -1.8426e-01 0.0000e+00
1.8570e+03  4.7373e-02  0.0000e+00
1.8580e+03  2.7178e-01  0.0000e+00
1.8590e+03  4.8656e-01  0.0000e+00
1.8600e+03  6.8940e-01  0.0000e+00
1.8610e+03  8.7802e-01  0.0000e+00
1.8620e+03  1.0503e+00  0.0000e+00
1.8630e+03  1.2041e+00  0.0000e+00
1.8640e+03  1.3376e+00  0.0000e+00
1.8650e+03  1.4491e+00  0.0000e+00
1.8660e+03  1.5373e+00  0.0000e+00
1.8670e+03  1.6010e+00  0.0000e+00
1.8680e+03  1.6395e+00  0.0000e+00
1.8690e+03  1.6525e+00  0.0000e+00
1.8700e+03  1.6403e+00  0.0000e+00
1.8710e+03  1.6036e+00  0.0000e+00
1.8720e+03  1.5435e+00  0.0000e+00
1.8730e+03  1.4621e+00  0.0000e+00
1.8740e+03  1.3617e+00  0.0000e+00
1.8750e+03  1.2454e+00  0.0000e+00
1.8760e+03  1.1166e+00  0.0000e+00
1.8770e+03  9.7913e-01  0.0000e+00
1.8780e+03  8.3730e-01  0.0000e+00
1.8790e+03  6.9542e-01  0.0000e+00
1.8800e+03  5.5786e-01  0.0000e+00
1.8810e+03  4.2885e-01  0.0000e+00
1.8820e+03  3.1232e-01  0.0000e+00
1.8830e+03  2.1178e-01  0.0000e+00
1.8840e+03  1.3016e-01  0.0000e+00
1.8850e+03  6.9740e-02  0.0000e+00
1.8860e+03  3.2101e-02  0.0000e+00
1.8870e+03  1.8081e-02  0.0000e+00
1.8880e+03  2.7814e-02  0.0000e+00
1.8890e+03  6.0779e-02  0.0000e+00
1.8900e+03  1.1588e-01  0.0000e+00
1.8910e+03  1.9155e-01  0.0000e+00
1.8920e+03  2.8586e-01  0.0000e+00
1.8930e+03  3.9663e-01  0.0000e+00
1.8940e+03  5.2153e-01  0.0000e+00
1.8950e+03  6.5813e-01  0.0000e+00
1.8960e+03  8.0403e-01  0.0000e+00
1.8970e+03  9.5683e-01  0.0000e+00
1.8980e+03  1.1141e+00  0.0000e+00
1.8990e+03  1.2737e+00  0.0000e+00
1.9000e+03  1.4330e+00  0.0000e+00
1.9010e+03  1.5900e+00  0.0000e+00
1.9020e+03  1.7422e+00  0.0000e+00
1.9030e+03  1.8873e+00  0.0000e+00
1.9040e+03  2.0230e+00  0.0000e+00
1.9050e+03  2.1469e+00  0.0000e+00
1.9060e+03  2.2568e+00  0.0000e+00
1.9070e+03  2.3506e+00  0.0000e+00
1.9080e+03  2.4264e+00  0.0000e+00
1.9090e+03  2.4826e+00  0.0000e+00
1.9100e+03  2.5180e+00  0.0000e+00
1.9110e+03  2.5320e+00  0.0000e+00
1.9120e+03  2.5244e+00  0.0000e+00
1.9130e+03  2.4958e+00  0.0000e+00
1.9140e+03  2.4472e+00  0.0000e+00
1.9150e+03  2.3807e+00  0.0000e+00
1.9160e+03  2.2988e+00  0.0000e+00
1.9170e+03  2.2048e+00  0.0000e+00
1.9180e+03  2.1026e+00  0.0000e+00
1.9190e+03  1.9966e+00  0.0000e+00
1.9200e+03  1.8917e+00  0.0000e+00
1.9210e+03  1.7928e+00  0.0000e+00
1.9220e+03  1.7050e+00  0.0000e+00
1.9230e+03  1.6332e+00  0.0000e+00
1.9240e+03  1.5818e+00  0.0000e+00
1.9250e+03  1.5545e+00  0.0000e+00
1.9260e+03  1.5543e+00  0.0000e+00
1.9270e+03  1.5827e+00  0.0000e+00
1.9280e+03  1.6404e+00  0.0000e+00
1.9290e+03  1.7262e+00  0.0000e+00
1.9300e+03  1.8378e+00  0.0000e+00
1.9310e+03  1.9712e+00  0.0000e+00
1.9320e+03  2.1212e+00  0.0000e+00
1.9330e+03  2.2813e+00  0.0000e+00
1.9340e+03  2.4440e+00  0.0000e+00
1.9350e+03  2.6015e+00  0.0000e+00
1.9360e+03  2.7455e+00  0.0000e+00
1.9370e+03  2.8677e+00  0.0000e+00
1.9380e+03  2.9605e+00  0.0000e+00
1.9390e+03  3.0171e+00  0.0000e+00
1.9400e+03  3.0316e+00  0.0000e+00
1.9410e+03  2.9998e+00  0.0000e+00
1.9420e+03  2.9189e+00  0.0000e+00
1.9430e+03  2.7876e+00  0.0000e+00
1.9440e+03  2.6065e+00  0.0000e+00
1.9450e+03  2.3776e+00  0.0000e+00
1.9460e+03  2.1045e+00  0.0000e+00
1.9470e+03  1.7922e+00  0.0000e+00
1.9480e+03  1.4465e+00  0.0000e+00
1.9490e+03  1.0745e+00  0.0000e+00
1.9500e+03  6.8367e-01  0.0000e+00
1.9510e+03  2.8196e-01  0.0000e+00
1.9520e+03  -1.2242e-01 0.0000e+00
1.9530e+03  -5.2127e-01 0.0000e+00
1.9540e+03  -9.0658e-01 0.0000e+00
1.9550e+03  -1.2707e+00 0.0000e+00
1.9560e+03  -1.6066e+00 0.0000e+00
1.9570e+03  -1.9078e+00 0.0000e+00
1.9580e+03  -2.1686e+00 0.0000e+00
1.9590e+03  -2.3844e+00 0.0000e+00
1.9600e+03  -2.5515e+00 0.0000e+00
1.9610e+03  -2.6672e+00 0.0000e+00
1.9620e+03  -2.7301e+00 0.0000e+00
1.9630e+03  -2.7399e+00 0.0000e+00
1.9640e+03  -2.6975e+00 0.0000e+00
1.9650e+03  -2.6049e+00 0.0000e+00
1.9660e+03  -2.4651e+00 0.0000e+00
1.9670e+03  -2.2821e+00 0.0000e+00
1.9680e+03  -2.0607e+00 0.0000e+00
1.9690e+03  -1.8064e+00 0.0000e+00
1.9700e+03  -1.5251e+00 0.0000e+00
1.9710e+03  -1.2234e+00 0.0000e+00
1.9720e+03  -9.0781e-01 0.0000e+00
1.9730e+03  -5.8504e-01 0.0000e+00
1.9740e+03  -2.6175e-01 0.0000e+00
1.9750e+03  5.5583e-02  0.0000e+00
1.9760e+03  3.6075e-01  0.0000e+00
1.9770e+03  6.4794e-01  0.0000e+00
1.9780e+03  9.1178e-01  0.0000e+00
1.9790e+03  1.1475e+00  0.0000e+00
1.9800e+03  1.3508e+00  0.0000e+00
1.9810e+03  1.5183e+00  0.0000e+00
1.9820e+03  1.6471e+00  0.0000e+00
1.9830e+03  1.7354e+00  0.0000e+00
1.9840e+03  1.7820e+00  0.0000e+00
1.9850e+03  1.7867e+00  0.0000e+00
1.9860e+03  1.7501e+00  0.0000e+00
1.9870e+03  1.6736e+00  0.0000e+00
1.9880e+03  1.5597e+00  0.0000e+00
1.9890e+03  1.4114e+00  0.0000e+00
1.9900e+03  1.2323e+00  0.0000e+00
1.9910e+03  1.0268e+00  0.0000e+00
1.9920e+03  7.9947e-01  0.0000e+00
1.9930e+03  5.5544e-01  0.0000e+00
1.9940e+03  2.9984e-01  0.0000e+00
1.9950e+03  3.7868e-02  0.0000e+00
1.9960e+03  -2.2536e-01 0.0000e+00
1.9970e+03  -4.8493e-01 0.0000e+00
1.9980e+03  -7.3624e-01 0.0000e+00
1.9990e+03  -9.7507e-01 0.0000e+00
2.0000e+03  -1.1976e+00 0.0000e+00
2.0010e+03  -1.4006e+00 0.0000e+00
2.0020e+03  -1.5814e+00 0.0000e+00
2.0030e+03  -1.7376e+00 0.0000e+00
2.0040e+03  -1.8675e+00 0.0000e+00
2.0050e+03  -1.9702e+00 0.0000e+00
2.0060e+03  -2.0448e+00 0.0000e+00
2.0070e+03  -2.0912e+00 0.0000e+00
2.0080e+03  -2.1095e+00 0.0000e+00
2.0090e+03  -2.1003e+00 0.0000e+00
2.0100e+03  -2.0644e+00 0.0000e+00
2.0110e+03  -2.0027e+00 0.0000e+00
2.0120e+03  -1.9163e+00 0.0000e+00
2.0130e+03  -1.8065e+00 0.0000e+00
2.0140e+03  -1.6743e+00 0.0000e+00
2.0150e+03  -1.5209e+00 0.0000e+00
2.0160e+03  -1.3474e+00 0.0000e+00
2.0170e+03  -1.1548e+00 0.0000e+00
2.0180e+03  -9.4411e-01 0.0000e+00
2.0190e+03  -7.1638e-01 0.0000e+00
2.0200e+03  -4.7272e-01 0.0000e+00
2.0210e+03  -2.1440e-01 0.0000e+00
2.0220e+03  5.7068e-02  0.0000e+00
2.0230e+03  3.3982e-01  0.0000e+00
2.0240e+03  6.3160e-01  0.0000e+00
2.0250e+03  9.2969e-01  0.0000e+00
2.0260e+03  1.2309e+00  0.0000e+00
2.0270e+03  1.5314e+00  0.0000e+00
2.0280e+03  1.8272e+00  0.0000e+00
2.0290e+03  2.1135e+00  0.0000e+00
2.0300e+03  2.3854e+00  0.0000e+00
2.0310e+03  2.6379e+00  0.0000e+00
2.0320e+03  2.8658e+00  0.0000e+00
2.0330e+03  3.0639e+00  0.0000e+00
2.0340e+03  3.2278e+00  0.0000e+00
2.0350e+03  3.3533e+00  0.0000e+00
2.0360e+03  3.4368e+00  0.0000e+00
2.0370e+03  3.4761e+00  0.0000e+00
2.0380e+03  3.4695e+00  0.0000e+00
2.0390e+03  3.4170e+00  0.0000e+00
2.0400e+03  3.3194e+00  0.0000e+00
2.0410e+03  3.1791e+00  0.0000e+00
2.0420e+03  2.9995e+00  0.0000e+00
2.0430e+03  2.7854e+00  0.0000e+00
2.0440e+03  2.5424e+00  0.0000e+00
2.0450e+03  2.2769e+00  0.0000e+00
2.0460e+03  1.9958e+00  0.0000e+00
2.0470e+03  1.7063e+00  0.0000e+00
2.0480e+03  1.4154e+00  0.0000e+00
2.0490e+03  1.1299e+00  0.0000e+00
2.0500e+03  8.5567e-01  0.0000e+00
2.0510e+03  5.9773e-01  0.0000e+00
2.0520e+03  3.5995e-01  0.0000e+00
2.0530e+03  1.4480e-01  0.0000e+00
2.0540e+03  -4.6625e-02 0.0000e+00
2.0550e+03  -2.1469e-01 0.0000e+00
2.0560e+03  -3.6113e-01 0.0000e+00
2.0570e+03  -4.8892e-01 0.0000e+00
2.0580e+03  -6.0208e-01 0.0000e+00
2.0590e+03  -7.0544e-01 0.0000e+00
2.0600e+03  -8.0435e-01 0.0000e+00
2.0610e+03  -9.0438e-01 0.0000e+00
2.0620e+03  -1.0110e+00 0.0000e+00
2.0630e+03  -1.1295e+00 0.0000e+00
2.0640e+03  -1.2642e+00 0.0000e+00
2.0650e+03  -1.4188e+00 0.0000e+00
2.0660e+03  -1.5960e+00 0.0000e+00
2.0670e+03  -1.7972e+00 0.0000e+00
2.0680e+03  -2.0226e+00 0.0000e+00
2.0690e+03  -2.2711e+00 0.0000e+00
2.0700e+03  -2.5405e+00 0.0000e+00
2.0710e+03  -2.8272e+00 0.0000e+00
2.0720e+03  -3.1269e+00 0.0000e+00
2.0730e+03  -3.4340e+00 0.0000e+00
2.0740e+03  -3.7426e+00 0.0000e+00
2.0750e+03  -4.0461e+00 0.0000e+00
2.0760e+03  -4.3377e+00 0.0000e+00
2.0770e+03  -4.6106e+00 0.0000e+00
2.0780e+03  -4.8580e+00 0.0000e+00
2.0790e+03  -5.0738e+00 0.0000e+00
2.0800e+03  -5.2522e+00 0.0000e+00
2.0810e+03  -5.3884e+00 0.0000e+00
2.0820e+03  -5.4782e+00 0.0000e+00
2.0830e+03  -5.5188e+00 0.0000e+00
2.0840e+03  -5.5080e+00 0.0000e+00
2.0850e+03  -5.4452e+00 0.0000e+00
2.0860e+03  -5.3307e+00 0.0000e+00
2.0870e+03  -5.1658e+00 0.0000e+00
2.0880e+03  -4.9533e+00 0.0000e+00
2.0890e+03  -4.6968e+00 0.0000e+00
2.0900e+03  -4.4009e+00 0.0000e+00
2.0910e+03  -4.0713e+00 0.0000e+00
2.0920e+03  -3.7141e+00 0.0000e+00
2.0930e+03  -3.3363e+00 0.0000e+00
2.0940e+03  -2.9452e+00 0.0000e+00
2.0950e+03  -2.5485e+00 0.0000e+00
2.0960e+03  -2.1538e+00 0.0000e+00
2.0970e+03  -1.7683e+00 0.0000e+00
2.0980e+03  -1.3991e+00 0.0000e+00
2.0990e+03  -1.0522e+00 0.0000e+00
2.1000e+03  -7.3281e-01 0.0000e+00
2.1010e+03  -4.4487e-01 0.0000e+00
2.1020e+03  -1.9094e-01 0.0000e+00
2.1030e+03  2.7891e-02  0.0000e+00
2.1040e+03  2.1206e-01  0.0000e+00
2.1050e+03  3.6347e-01  0.0000e+00
2.1060e+03  4.8542e-01  0.0000e+00
2.1070e+03  5.8229e-01  0.0000e+00
2.1080e+03  6.5936e-01  0.0000e+00
2.1090e+03  7.2244e-01  0.0000e+00
2.1100e+03  7.7748e-01  0.0000e+00
2.1110e+03  8.3022e-01  0.0000e+00
2.1120e+03  8.8584e-01  0.0000e+00
2.1130e+03  9.4864e-01  0.0000e+00
2.1140e+03  1.0218e+00  0.0000e+00
2.1150e+03  1.1072e+00  0.0000e+00
2.1160e+03  1.2053e+00  0.0000e+00
2.1170e+03  1.3154e+00  0.0000e+00
2.1180e+03  1.4354e+00  0.0000e+00
2.1190e+03  1.5623e+00  0.0000e+00
2.1200e+03  1.6921e+00  0.0000e+00
2.1210e+03  1.8207e+00  0.0000e+00
2.1220e+03  1.9435e+00  0.0000e+00
2.1230e+03  2.0559e+00  0.0000e+00
2.1240e+03  2.1539e+00  0.0000e+00
2.1250e+03  2.2339e+00  0.0000e+00
2.1260e+03  2.2931e+00  0.0000e+00
2.1270e+03  2.3293e+00  0.0000e+00
2.1280e+03  2.3413e+00  0.0000e+00
2.1290e+03  2.3287e+00  0.0000e+00
2.1300e+03  2.2918e+00  0.0000e+00
2.1310e+03  2.2317e+00  0.0000e+00
2.1320e+03  2.1499e+00  0.0000e+00
2.1330e+03  2.0484e+00  0.0000e+00
2.1340e+03  1.9295e+00  0.0000e+00
2.1350e+03  1.7957e+00  0.0000e+00
2.1360e+03  1.6497e+00  0.0000e+00
2.1370e+03  1.4942e+00  0.0000e+00
2.1380e+03  1.3320e+00  0.0000e+00
2.1390e+03  1.1658e+00  0.0000e+00
2.1400e+03  9.9822e-01  0.0000e+00
2.1410e+03  8.3186e-01  0.0000e+00
2.1420e+03  6.6927e-01  0.0000e+00
2.1430e+03  5.1290e-01  0.0000e+00
2.1440e+03  3.6513e-01  0.0000e+00
2.1450e+03  2.2823e-01  0.0000e+00
2.1460e+03  1.0434e-01  0.0000e+00
2.1470e+03  -4.5441e-03 0.0000e+00
2.1480e+03  -9.6616e-02 0.0000e+00
2.1490e+03  -1.7031e-01 0.0000e+00
2.1500e+03  -2.2432e-01 0.0000e+00
2.1510e+03  -2.5769e-01 0.0000e+00
2.1520e+03  -2.6985e-01 0.0000e+00
2.1530e+03  -2.6063e-01 0.0000e+00
2.1540e+03  -2.3036e-01 0.0000e+00
2.1550e+03  -1.7982e-01 0.0000e+00
2.1560e+03  -1.1034e-01 0.0000e+00
2.1570e+03  -2.3723e-02 0.0000e+00
2.1580e+03  7.7741e-02  0.0000e+00
2.1590e+03  1.9134e-01  0.0000e+00
2.1600e+03  3.1400e-01  0.0000e+00
2.1610e+03  4.4239e-01  0.0000e+00
2.1620e+03  5.7297e-01  0.0000e+00
2.1630e+03  7.0219e-01  0.0000e+00
2.1640e+03  8.2653e-01  0.0000e+00
2.1650e+03  9.4262e-01  0.0000e+00
2.1660e+03  1.0474e+00  0.0000e+00
2.1670e+03  1.1381e+00  0.0000e+00
2.1680e+03  1.2125e+00  0.0000e+00
2.1690e+03  1.2687e+00  0.0000e+00
2.1700e+03  1.3053e+00  0.0000e+00
2.1710e+03  1.3215e+00  0.0000e+00
2.1720e+03  1.3167e+00  0.0000e+00
2.1730e+03  1.2910e+00  0.0000e+00
2.1740e+03  1.2446e+00  0.0000e+00
2.1750e+03  1.1783e+00  0.0000e+00
2.1760e+03  1.0930e+00  0.0000e+00
2.1770e+03  9.8977e-01  0.0000e+00
2.1780e+03  8.7002e-01  0.0000e+00
2.1790e+03  7.3529e-01  0.0000e+00
2.1800e+03  5.8726e-01  0.0000e+00
2.1810e+03  4.2780e-01  0.0000e+00
2.1820e+03  2.5895e-01  0.0000e+00
2.1830e+03  8.2883e-02  0.0000e+00
2.1840e+03  -9.8042e-02 0.0000e+00
2.1850e+03  -2.8133e-01 0.0000e+00
2.1860e+03  -4.6437e-01 0.0000e+00
2.1870e+03  -6.4443e-01 0.0000e+00
2.1880e+03  -8.1876e-01 0.0000e+00
2.1890e+03  -9.8459e-01 0.0000e+00
2.1900e+03  -1.1392e+00 0.0000e+00
2.1910e+03  -1.2801e+00 0.0000e+00
2.1920e+03  -1.4047e+00 0.0000e+00
2.1930e+03  -1.5111e+00 0.0000e+00
2.1940e+03  -1.5974e+00 0.0000e+00
2.1950e+03  -1.6621e+00 0.0000e+00
2.1960e+03  -1.7042e+00 0.0000e+00
2.1970e+03  -1.7231e+00 0.0000e+00
2.1980e+03  -1.7187e+00 0.0000e+00
2.1990e+03  -1.6912e+00 0.0000e+00
2.2000e+03  -1.6414e+00 0.0000e+00
2.2010e+03  -1.5706e+00 0.0000e+00
2.2020e+03  -1.4803e+00 0.0000e+00
2.2030e+03  -1.3724e+00 0.0000e+00
2.2040e+03  -1.2493e+00 0.0000e+00
2.2050e+03  -1.1134e+00 0.0000e+00
2.2060e+03  -9.6741e-01 0.0000e+00
2.2070e+03  -8.1417e-01 0.0000e+00
2.2080e+03  -6.5653e-01 0.0000e+00
2.2090e+03  -4.9734e-01 0.0000e+00
2.2100e+03  -3.3936e-01 0.0000e+00
2.2110e+03  -1.8520e-01 0.0000e+00
2.2120e+03  -3.7273e-02 0.0000e+00
2.2130e+03  1.0227e-01  0.0000e+00
2.2140e+03  2.3156e-01  0.0000e+00
2.2150e+03  3.4905e-01  0.0000e+00
2.2160e+03  4.5352e-01  0.0000e+00
2.2170e+03  5.4415e-01  0.0000e+00
2.2180e+03  6.2042e-01  0.0000e+00
2.2190e+03  6.8222e-01  0.0000e+00
2.2200e+03  7.2975e-01  0.0000e+00
2.2210e+03  7.6357e-01  0.0000e+00
2.2220e+03  7.8453e-01  0.0000e+00
2.2230e+03  7.9377e-01  0.0000e+00
2.2240e+03  7.9265e-01  0.0000e+00
2.2250e+03  7.8276e-01  0.0000e+00
2.2260e+03  7.6579e-01  0.0000e+00
2.2270e+03  7.4352e-01  0.0000e+00
2.2280e+03  7.1773e-01  0.0000e+00
2.2290e+03  6.9011e-01  0.0000e+00
2.2300e+03  6.6221e-01  0.0000e+00
2.2310e+03  6.3532e-01  0.0000e+00
2.2320e+03  6.1044e-01  0.0000e+00
2.2330e+03  5.8817e-01  0.0000e+00
2.2340e+03  5.6868e-01  0.0000e+00
2.2350e+03  5.5170e-01  0.0000e+00
2.2360e+03  5.3645e-01  0.0000e+00
2.2370e+03  5.2172e-01  0.0000e+00
2.2380e+03  5.0586e-01  0.0000e+00
2.2390e+03  4.8687e-01  0.0000e+00
2.2400e+03  4.6248e-01  0.0000e+00
2.2410e+03  4.3026e-01  0.0000e+00
2.2420e+03  3.8772e-01  0.0000e+00
2.2430e+03  3.3247e-01  0.0000e+00
2.2440e+03  2.6230e-01  0.0000e+00
2.2450e+03  1.7534e-01  0.0000e+00
2.2460e+03  7.0160e-02  0.0000e+00
2.2470e+03  -5.4157e-02 0.0000e+00
2.2480e+03  -1.9793e-01 0.0000e+00
2.2490e+03  -3.6081e-01 0.0000e+00
2.2500e+03  -5.4182e-01 0.0000e+00
2.2510e+03  -7.3929e-01 0.0000e+00
2.2520e+03  -9.5092e-01 0.0000e+00
2.2530e+03  -1.1738e+00 0.0000e+00
2.2540e+03  -1.4046e+00 0.0000e+00
2.2550e+03  -1.6395e+00 0.0000e+00
2.2560e+03  -1.8742e+00 0.0000e+00
2.2570e+03  -2.1043e+00 0.0000e+00
2.2580e+03  -2.3253e+00 0.0000e+00
2.2590e+03  -2.5325e+00 0.0000e+00
2.2600e+03  -2.7213e+00 0.0000e+00
2.2610e+03  -2.8874e+00 0.0000e+00
2.2620e+03  -3.0265e+00 0.0000e+00
2.2630e+03  -3.1348e+00 0.0000e+00
2.2640e+03  -3.2087e+00 0.0000e+00
2.2650e+03  -3.2454e+00 0.0000e+00
2.2660e+03  -3.2424e+00 0.0000e+00
2.2670e+03  -3.1977e+00 0.0000e+00
2.2680e+03  -3.1104e+00 0.0000e+00
2.2690e+03  -2.9800e+00 0.0000e+00
2.2700e+03  -2.8069e+00 0.0000e+00
2.2710e+03  -2.5925e+00 0.0000e+00
2.2720e+03  -2.3388e+00 0.0000e+00
2.2730e+03  -2.0489e+00 0.0000e+00
2.2740e+03  -1.7268e+00 0.0000e+00
2.2750e+03  -1.3771e+00 0.0000e+00
2.2760e+03  -1.0055e+00 0.0000e+00
2.2770e+03  -6.1789e-01 0.0000e+00
2.2780e+03  -2.2106e-01 0.0000e+00
2.2790e+03  1.7810e-01  0.0000e+00
2.2800e+03  5.7255e-01  0.0000e+00
2.2810e+03  9.5538e-01  0.0000e+00
2.2820e+03  1.3200e+00  0.0000e+00
2.2830e+03  1.6605e+00  0.0000e+00
2.2840e+03  1.9715e+00  0.0000e+00
2.2850e+03  2.2489e+00  0.0000e+00
2.2860e+03  2.4895e+00  0.0000e+00
2.2870e+03  2.6914e+00  0.0000e+00
2.2880e+03  2.8538e+00  0.0000e+00
2.2890e+03  2.9774e+00  0.0000e+00
2.2900e+03  3.0636e+00  0.0000e+00
2.2910e+03  3.1153e+00  0.0000e+00
2.2920e+03  3.1358e+00  0.0000e+00
2.2930e+03  3.1293e+00  0.0000e+00
2.2940e+03  3.1003e+00  0.0000e+00
2.2950e+03  3.0536e+00  0.0000e+00
2.2960e+03  2.9936e+00  0.0000e+00
2.2970e+03  2.9247e+00  0.0000e+00
2.2980e+03  2.8507e+00  0.0000e+00
2.2990e+03  2.7749e+00  0.0000e+00
2.3000e+03  2.6997e+00  0.0000e+00
2.3010e+03  2.6268e+00  0.0000e+00
2.3020e+03  2.5571e+00  0.0000e+00
2.3030e+03  2.4909e+00  0.0000e+00
2.3040e+03  2.4276e+00  0.0000e+00
2.3050e+03  2.3662e+00  0.0000e+00
2.3060e+03  2.3052e+00  0.0000e+00
2.3070e+03  2.2428e+00  0.0000e+00
2.3080e+03  2.1772e+00  0.0000e+00
2.3090e+03  2.1064e+00  0.0000e+00
2.3100e+03  2.0287e+00  0.0000e+00
2.3110e+03  1.9425e+00  0.0000e+00
2.3120e+03  1.8466e+00  0.0000e+00
2.3130e+03  1.7402e+00  0.0000e+00
2.3140e+03  1.6228e+00  0.0000e+00
2.3150e+03  1.4943e+00  0.0000e+00
2.3160e+03  1.3550e+00  0.0000e+00
2.3170e+03  1.2055e+00  0.0000e+00
2.3180e+03  1.0465e+00  0.0000e+00
2.3190e+03  8.7929e-01  0.0000e+00
2.3200e+03  7.0502e-01  0.0000e+00
2.3210e+03  5.2509e-01  0.0000e+00
2.3220e+03  3.4100e-01  0.0000e+00
2.3230e+03  1.5432e-01  0.0000e+00
2.3240e+03  -3.3284e-02 0.0000e+00
2.3250e+03  -2.2006e-01 0.0000e+00
2.3260e+03  -4.0415e-01 0.0000e+00
2.3270e+03  -5.8360e-01 0.0000e+00
2.3280e+03  -7.5632e-01 0.0000e+00
2.3290e+03  -9.2011e-01 0.0000e+00
2.3300e+03  -1.0727e+00 0.0000e+00
2.3310e+03  -1.2117e+00 0.0000e+00
2.3320e+03  -1.3348e+00 0.0000e+00
2.3330e+03  -1.4397e+00 0.0000e+00
2.3340e+03  -1.5242e+00 0.0000e+00
2.3350e+03  -1.5865e+00 0.0000e+00
2.3360e+03  -1.6251e+00 0.0000e+00
2.3370e+03  -1.6387e+00 0.0000e+00
2.3380e+03  -1.6268e+00 0.0000e+00
2.3390e+03  -1.5894e+00 0.0000e+00
2.3400e+03  -1.5268e+00 0.0000e+00
2.3410e+03  -1.4403e+00 0.0000e+00
2.3420e+03  -1.3314e+00 0.0000e+00
2.3430e+03  -1.2024e+00 0.0000e+00
2.3440e+03  -1.0558e+00 0.0000e+00
2.3450e+03  -8.9450e-01 0.0000e+00
2.3460e+03  -7.2167e-01 0.0000e+00
2.3470e+03  -5.4056e-01 0.0000e+00
2.3480e+03  -3.5441e-01 0.0000e+00
2.3490e+03  -1.6637e-01 0.0000e+00
2.3500e+03  2.0599e-02  0.0000e+00
2.3510e+03  2.0383e-01  0.0000e+00
2.3520e+03  3.8099e-01  0.0000e+00
2.3530e+03  5.5011e-01  0.0000e+00
2.3540e+03  7.0962e-01  0.0000e+00
2.3550e+03  8.5840e-01  0.0000e+00
2.3560e+03  9.9569e-01  0.0000e+00
2.3570e+03  1.1212e+00  0.0000e+00
2.3580e+03  1.2348e+00  0.0000e+00
2.3590e+03  1.3370e+00  0.0000e+00
2.3600e+03  1.4284e+00  0.0000e+00
2.3610e+03  1.5096e+00  0.0000e+00
2.3620e+03  1.5819e+00  0.0000e+00
2.3630e+03  1.6461e+00  0.0000e+00
2.3640e+03  1.7034e+00  0.0000e+00
2.3650e+03  1.7549e+00  0.0000e+00
2.3660e+03  1.8013e+00  0.0000e+00
2.3670e+03  1.8436e+00  0.0000e+00
2.3680e+03  1.8822e+00  0.0000e+00
2.3690e+03  1.9176e+00  0.0000e+00
2.3700e+03  1.9497e+00  0.0000e+00
2.3710e+03  1.9784e+00  0.0000e+00
2.3720e+03  2.0036e+00  0.0000e+00
2.3730e+03  2.0246e+00  0.0000e+00
2.3740e+03  2.0410e+00  0.0000e+00
2.3750e+03  2.0522e+00  0.0000e+00
2.3760e+03  2.0578e+00  0.0000e+00
2.3770e+03  2.0575e+00  0.0000e+00
2.3780e+03  2.0513e+00  0.0000e+00
2.3790e+03  2.0391e+00  0.0000e+00
2.3800e+03  2.0215e+00  0.0000e+00
2.3810e+03  1.9990e+00  0.0000e+00
2.3820e+03  1.9725e+00  0.0000e+00
2.3830e+03  1.9429e+00  0.0000e+00
2.3840e+03  1.9112e+00  0.0000e+00
2.3850e+03  1.8781e+00  0.0000e+00
2.3860e+03  1.8444e+00  0.0000e+00
2.3870e+03  1.8105e+00  0.0000e+00
2.3880e+03  1.7761e+00  0.0000e+00
2.3890e+03  1.7409e+00  0.0000e+00
2.3900e+03  1.7037e+00  0.0000e+00
2.3910e+03  1.6629e+00  0.0000e+00
2.3920e+03  1.6165e+00  0.0000e+00
2.3930e+03  1.5622e+00  0.0000e+00
2.3940e+03  1.4972e+00  0.0000e+00
2.3950e+03  1.4189e+00  0.0000e+00
2.3960e+03  1.3246e+00  0.0000e+00
2.3970e+03  1.2122e+00  0.0000e+00
2.3980e+03  1.0799e+00  0.0000e+00
2.3990e+03  9.2648e-01  0.0000e+00
2.4000e+03  7.5179e-01  0.0000e+00
2.4010e+03  5.5639e-01  0.0000e+00
2.4020e+03  3.4182e-01  0.0000e+00
2.4030e+03  1.1053e-01  0.0000e+00
2.4040e+03  -1.3423e-01 0.0000e+00
2.4050e+03  -3.8850e-01 0.0000e+00
2.4060e+03  -6.4782e-01 0.0000e+00
2.4070e+03  -9.0746e-01 0.0000e+00
2.4080e+03  -1.1626e+00 0.0000e+00
2.4090e+03  -1.4086e+00 0.0000e+00
2.4100e+03  -1.6413e+00 0.0000e+00
2.4110e+03  -1.8571e+00 0.0000e+00
2.4120e+03  -2.0531e+00 0.0000e+00
2.4130e+03  -2.2275e+00 0.0000e+00
2.4140e+03  -2.3793e+00 0.0000e+00
2.4150e+03  -2.5084e+00 0.0000e+00
2.4160e+03  -2.6158e+00 0.0000e+00
2.4170e+03  -2.7031e+00 0.0000e+00
2.4180e+03  -2.7726e+00 0.0000e+00
2.4190e+03  -2.8271e+00 0.0000e+00
2.4200e+03  -2.8696e+00 0.0000e+00
2.4210e+03  -2.9031e+00 0.0000e+00
2.4220e+03  -2.9306e+00 0.0000e+00
2.4230e+03  -2.9547e+00 0.0000e+00
2.4240e+03  -2.9773e+00 0.0000e+00
2.4250e+03  -2.9998e+00 0.0000e+00
2.4260e+03  -3.0229e+00 0.0000e+00
2.4270e+03  -3.0466e+00 0.0000e+00
2.4280e+03  -3.0699e+00 0.0000e+00
2.4290e+03  -3.0913e+00 0.0000e+00
2.4300e+03  -3.1086e+00 0.0000e+00
2.4310e+03  -3.1193e+00 0.0000e+00
2.4320e+03  -3.1205e+00 0.0000e+00
2.4330e+03  -3.1090e+00 0.0000e+00
2.4340e+03  -3.0820e+00 0.0000e+00
2.4350e+03  -3.0369e+00 0.0000e+00
2.4360e+03  -2.9713e+00 0.0000e+00
2.4370e+03  -2.8839e+00 0.0000e+00
2.4380e+03  -2.7739e+00 0.0000e+00
2.4390e+03  -2.6413e+00 0.0000e+00
2.4400e+03  -2.4872e+00 0.0000e+00
2.4410e+03  -2.3135e+00 0.0000e+00
2.4420e+03  -2.1231e+00 0.0000e+00
2.4430e+03  -1.9196e+00 0.0000e+00
2.4440e+03  -1.7072e+00 0.0000e+00
2.4450e+03  -1.4906e+00 0.0000e+00
2.4460e+03  -1.2749e+00 0.0000e+00
2.4470e+03  -1.0653e+00 0.0000e+00
2.4480e+03  -8.6666e-01 0.0000e+00
2.4490e+03  -6.8388e-01 0.0000e+00
2.4500e+03  -5.2127e-01 0.0000e+00
2.4510e+03  -3.8262e-01 0.0000e+00
2.4520e+03  -2.7105e-01 0.0000e+00
2.4530e+03  -1.8896e-01 0.0000e+00
2.4540e+03  -1.3799e-01 0.0000e+00
2.4550e+03  -1.1901e-01 0.0000e+00
2.4560e+03  -1.3214e-01 0.0000e+00
2.4570e+03  -1.7677e-01 0.0000e+00
2.4580e+03  -2.5161e-01 0.0000e+00
2.4590e+03  -3.5474e-01 0.0000e+00
2.4600e+03  -4.8363e-01 0.0000e+00
2.4610e+03  -6.3520e-01 0.0000e+00
2.4620e+03  -8.0586e-01 0.0000e+00
2.4630e+03  -9.9159e-01 0.0000e+00
2.4640e+03  -1.1879e+00 0.0000e+00
2.4650e+03  -1.3900e+00 0.0000e+00
2.4660e+03  -1.5929e+00 0.0000e+00
2.4670e+03  -1.7912e+00 0.0000e+00
2.4680e+03  -1.9798e+00 0.0000e+00
2.4690e+03  -2.1534e+00 0.0000e+00
2.4700e+03  -2.3069e+00 0.0000e+00
2.4710e+03  -2.4358e+00 0.0000e+00
2.4720e+03  -2.5359e+00 0.0000e+00
2.4730e+03  -2.6039e+00 0.0000e+00
2.4740e+03  -2.6371e+00 0.0000e+00
2.4750e+03  -2.6338e+00 0.0000e+00
2.4760e+03  -2.5933e+00 0.0000e+00
2.4770e+03  -2.5161e+00 0.0000e+00
2.4780e+03  -2.4034e+00 0.0000e+00
2.4790e+03  -2.2577e+00 0.0000e+00
2.4800e+03  -2.0824e+00 0.0000e+00
2.4810e+03  -1.8815e+00 0.0000e+00
2.4820e+03  -1.6599e+00 0.0000e+00
2.4830e+03  -1.4229e+00 0.0000e+00
2.4840e+03  -1.1762e+00 0.0000e+00
2.4850e+03  -9.2563e-01 0.0000e+00
2.4860e+03  -6.7707e-01 0.0000e+00
2.4870e+03  -4.3611e-01 0.0000e+00
2.4880e+03  -2.0795e-01 0.0000e+00
2.4890e+03  2.6938e-03  0.0000e+00
2.4900e+03  1.9184e-01  0.0000e+00
2.4910e+03  3.5628e-01  0.0000e+00
2.4920e+03  4.9374e-01  0.0000e+00
2.4930e+03  6.0292e-01  0.0000e+00
2.4940e+03  6.8352e-01  0.0000e+00
2.4950e+03  7.3630e-01  0.0000e+00
2.4960e+03  7.6299e-01  0.0000e+00
2.4970e+03  7.6627e-01  0.0000e+00
2.4980e+03  7.4961e-01  0.0000e+00
2.4990e+03  7.1719e-01  0.0000e+00
2.5000e+03  6.7364e-01  0.0000e+00
2.5010e+03  6.2390e-01  0.0000e+00
2.5020e+03  5.7299e-01  0.0000e+00
2.5030e+03  5.2572e-01  0.0000e+00
2.5040e+03  4.8655e-01  0.0000e+00
2.5050e+03  4.5931e-01  0.0000e+00
2.5060e+03  4.4707e-01  0.0000e+00
2.5070e+03  4.5200e-01  0.0000e+00
2.5080e+03  4.7526e-01  0.0000e+00
2.5090e+03  5.1698e-01  0.0000e+00
2.5100e+03  5.7631e-01  0.0000e+00
2.5110e+03  6.5144e-01  0.0000e+00
2.5120e+03  7.3980e-01  0.0000e+00
2.5130e+03  8.3818e-01  0.0000e+00
